0.000000000000000000e+00 0.000000000000000000e+00 0.000000000000000000e+00 0.000000000000000000e+00
2.735038458830692409e+00 9.814814814814815103e-01 2.730289834976101560e+00 9.738562091503267792e-01
2.631942854755097372e+00 9.739057239057239412e-01 2.629701144669285728e+00 9.624183006535947937e-01
2.531157534647304530e+00 9.587542087542088032e-01 2.530778417400704416e+00 9.509803921568626972e-01
2.427434374628838043e+00 9.419191919191919338e-01 2.428318282699464259e+00 9.313725490196078649e-01
2.306503436558954068e+00 9.132996632996632780e-01 2.308149141554793005e+00 8.937908496732026586e-01
2.163997341106333572e+00 8.703703703703703498e-01 2.166202317332420080e+00 8.578431372549019107e-01
1.987306143616918375e+00 8.375420875420875877e-01 1.989580925845036763e+00 8.120915032679738577e-01
1.759930763153417121e+00 7.979797979797980112e-01 1.762232162847098937e+00 7.941176470588234837e-01
1.486303400610525127e+00 7.643097643097642724e-01 1.489369911817779446e+00 7.565359477124182774e-01
1.166218609591263000e+00 7.533670033670033517e-01 1.168850726734316448e+00 7.614379084967319855e-01
8.419145340380762566e-01 7.542087542087542174e-01 8.451625163802082286e-01 7.647058823529411242e-01
5.523736252160159621e-01 7.542087542087542174e-01 5.571075696100536989e-01 7.598039215686274161e-01
3.306997816624460684e-01 7.533670033670033517e-01 3.372095524623880403e-01 7.565359477124182774e-01
1.924530536455191232e-01 7.542087542087542174e-01 2.003765498650275645e-01 7.549019607843137081e-01
1.140437888425038515e-01 7.508417508417508657e-01 1.225047318337546959e-01 7.516339869281045694e-01
7.520627570731647227e-02 7.516835016835017313e-01 8.352707035239113897e-02 7.500000000000000000e-01
5.592579204003324950e-02 7.483164983164982687e-01 6.383985961703965428e-02 7.450980392156862919e-01
4.579641212389663069e-02 7.424242424242424310e-01 5.323727433358536182e-02 7.483660130718954306e-01
4.021425714432647763e-02 7.356902356902357276e-01 4.721347686080946265e-02 7.500000000000000000e-01
3.660170977055831470e-02 7.398989898989899450e-01 4.315196274061253862e-02 7.467320261437908613e-01
3.407073581113730792e-02 7.398989898989899450e-01 4.031014395724352023e-02 7.483660130718954306e-01
3.216569294476891855e-02 7.424242424242424310e-01 3.813973451193840292e-02 7.450980392156862919e-01
3.056937184328545332e-02 7.424242424242424310e-01 3.632289255527273303e-02 7.500000000000000000e-01
2.921690834298313472e-02 7.466329966329966483e-01 3.477478385425766122e-02 7.532679738562091387e-01
2.803237896556140529e-02 7.558922558922558377e-01 3.338340451248335977e-02 7.532679738562091387e-01
2.698233232095025372e-02 7.584175084175084347e-01 3.218407136870572727e-02 7.549019607843137081e-01
2.602844088816196749e-02 7.617845117845117864e-01 3.106603257811758542e-02 7.598039215686274161e-01
2.514070318275433286e-02 7.676767676767676241e-01 3.006030441640632211e-02 7.663398692810458046e-01
2.435722070108541429e-02 7.735690235690235728e-01 2.911393648589380781e-02 7.696078431372549433e-01
2.359958809532545360e-02 7.744107744107744384e-01 2.824092846724869307e-02 7.712418300653595127e-01
2.291534464150362521e-02 7.777777777777777901e-01 2.742886955443910729e-02 7.745098039215686514e-01
2.227257421284094610e-02 7.811447811447811418e-01 2.668768573128395272e-02 7.761437908496732208e-01
2.165885394325470573e-02 7.836700336700336278e-01 2.596978926004453458e-02 7.794117647058823595e-01
2.108329460069468392e-02 7.853535353535353591e-01 2.530175422418523903e-02 7.843137254901960675e-01
2.053858039398678142e-02 7.887205387205387108e-01 2.465428650053706067e-02 7.859477124183006369e-01
2.002181596041682776e-02 7.920875420875420625e-01 2.403674723695610124e-02 7.908496732026143450e-01
1.954294433717898918e-02 7.962962962962962798e-01 2.347144819353986361e-02 7.957516339869280531e-01
1.907045576840918355e-02 7.979797979797980112e-01 2.292494259962957540e-02 7.941176470588234837e-01
1.862705117378384012e-02 7.996632996632996315e-01 2.239103841471465003e-02 7.924836601307189143e-01
1.820679108404886157e-02 7.988215488215488769e-01 2.189998434004403194e-02 7.924836601307189143e-01
1.779865502391628912e-02 8.005050505050504972e-01 2.140858514754367600e-02 7.924836601307189143e-01
1.741943627248146442e-02 7.996632996632996315e-01 2.094822121862779246e-02 7.924836601307189143e-01
1.704731863952788085e-02 8.005050505050504972e-01 2.052790724300812553e-02 7.957516339869280531e-01
1.669280924705881033e-02 8.013468013468013629e-01 2.010845206697914681e-02 7.990196078431373028e-01
1.635014484107826654e-02 8.021885521885522286e-01 1.970218185292663127e-02 7.990196078431373028e-01
1.602137564004034800e-02 8.021885521885522286e-01 1.930737145279248779e-02 8.006535947712418722e-01
1.570612694262370906e-02 8.021885521885522286e-01 1.893851442406987301e-02 7.973856209150327334e-01
1.540336998063770654e-02 8.021885521885522286e-01 1.857087992422786632e-02 8.006535947712418722e-01
1.511036000136594878e-02 8.021885521885522286e-01 1.822233529400152374e-02 8.006535947712418722e-01
1.482267077174338928e-02 8.038720538720538489e-01 1.789620452252090044e-02 8.006535947712418722e-01
1.455691841131862702e-02 8.047138047138047146e-01 1.757734199028690783e-02 8.006535947712418722e-01
1.429415406458396480e-02 8.063973063973064459e-01 1.726589793175874535e-02 8.006535947712418722e-01
1.403699453477966902e-02 8.047138047138047146e-01 1.695925309113326465e-02 7.990196078431373028e-01
1.379361207225865762e-02 8.047138047138047146e-01 1.667142004874706818e-02 7.990196078431373028e-01
1.355308891153579956e-02 8.038720538720538489e-01 1.638791138563359950e-02 8.022875816993464415e-01
1.332558573112513356e-02 8.038720538720538489e-01 1.612754771313577515e-02 8.055555555555555802e-01
1.310277987034594478e-02 8.038720538720538489e-01 1.586057320944774668e-02 8.055555555555555802e-01
1.288328782731787761e-02 8.047138047138047146e-01 1.560241802611149996e-02 8.039215686274510109e-01
1.267579167405635809e-02 8.047138047138047146e-01 1.535576062023385167e-02 8.039215686274510109e-01
1.247199789596012409e-02 8.055555555555555802e-01 1.511091558968593977e-02 8.039215686274510109e-01
1.227422653305070346e-02 8.047138047138047146e-01 1.487967012488312750e-02 8.039215686274510109e-01
1.208386322406350584e-02 8.038720538720538489e-01 1.465036250053221648e-02 8.022875816993464415e-01
1.189614168762035198e-02 8.038720538720538489e-01 1.444083320240011938e-02 8.006535947712418722e-01
1.171521043848429075e-02 8.021885521885522286e-01 1.422143054322877985e-02 8.006535947712418722e-01
1.153721788323528417e-02 8.038720538720538489e-01 1.401277989473989627e-02 8.006535947712418722e-01
1.136728997315512336e-02 8.030303030303029832e-01 1.381122083946640690e-02 8.006535947712418722e-01
