0.01 0.050000000000000003 1 15 0 9.83322100033484 0.6470588235294118
0.01 0.050000000000000003 2 19 0 9.483682714585653 0.6470588235294118
0.01 0.050000000000000003 5 17 0 9.113546534431912 0.5882352941176471
0.01 0.050000000000000003 10 24 0 9.540811635917022 0.5882352941176471
0.01 0.050000000000000003 20 20 0 8.698879419524973 0.47058823529411764
0.01 0.050000000000000003 50 11 0 7.424174577207155 0.4411764705882353
0.01 0.10000000000000001 1 21 0 9.311103311764597 0.5882352941176471
0.01 0.10000000000000001 2 16 0 9.804060609454579 0.6176470588235294
0.01 0.10000000000000001 5 708 4 9.3194120921175 0.5882352941176471
0.01 0.10000000000000001 10 18 0 9.319343708603864 0.5882352941176471
0.01 0.10000000000000001 20 20 0 9.059381252941924 0.4411764705882353
0.01 0.10000000000000001 50 25 0 9.60153098655333 0.3235294117647059
0.01 0.15000000000000002 1 17 0 9.430298639818675 0.5294117647058824
0.01 0.15000000000000002 2 21 0 9.403901276214174 0.6176470588235294
0.01 0.15000000000000002 5 19 0 8.848376632485248 0.6176470588235294
0.01 0.15000000000000002 10 16 0 8.920557830681032 0.5882352941176471
0.01 0.15000000000000002 20 11 0 12.081251602026649 0.6176470588235294
0.01 0.15000000000000002 50 15 0 9.234840909822353 0.38235294117647056
0.01 0.20000000000000001 1 17 0 10.2051193715639 0.6470588235294118
0.01 0.20000000000000001 2 17 0 8.81874692706604 0.5882352941176471
0.01 0.20000000000000001 5 23 0 9.09688947844872 0.6764705882352942
0.01 0.20000000000000001 10 17 0 9.786564736784685 0.6176470588235294
0.01 0.20000000000000001 20 18 0 8.49723663802303 0.5588235294117647
0.01 0.20000000000000001 50 22 0 8.030519303500997 0.4411764705882353
0.02 0.050000000000000003 1 12 0 8.960738330493902 0.5588235294117647
0.02 0.050000000000000003 2 165 1 7.984327372129333 0.4411764705882353
0.02 0.050000000000000003 5 13123 86 7.6136429460467205 0.4411764705882353
0.02 0.050000000000000003 10 13 0 7.111579073788775 0.4411764705882353
0.02 0.050000000000000003 20 14 0 7.695162138355662 0.2647058823529412
0.02 0.050000000000000003 50 23847 84 10.854987832858384 0.2647058823529412
0.02 0.10000000000000001 1 13 0 8.963744872589574 0.4411764705882353
0.02 0.10000000000000001 2 572 6 8.327445752168849 0.5
0.02 0.10000000000000001 5 12 0 7.899065394936825 0.4117647058823529
0.02 0.10000000000000001 10 5089 25 7.464427188305332 0.4411764705882353
0.02 0.10000000000000001 20 17 0 7.895931654667752 0.47058823529411764
0.02 0.10000000000000001 50 14 0 29.645144593057662 0.5588235294117647
0.02 0.15000000000000002 1 3383 65 7.650897237894178 0.47058823529411764
0.02 0.15000000000000002 2 75 0 7.051271901979171 0.5
0.02 0.15000000000000002 5 395 2 7.926500417931408 0.47058823529411764
0.02 0.15000000000000002 10 44 0 8.316919551962595 0.47058823529411764
0.02 0.15000000000000002 20 17 0 9.561105179531683 0.4411764705882353
0.02 0.15000000000000002 50 9 0 30.247462826169688 0.5
0.02 0.20000000000000001 1 14 0 9.005406905288442 0.5588235294117647
0.02 0.20000000000000001 2 79 0 9.702916995925484 0.5588235294117647
0.02 0.20000000000000001 5 3806 25 8.377334408636647 0.4411764705882353
0.02 0.20000000000000001 10 13 0 8.970704975691966 0.47058823529411764
0.02 0.20000000000000001 20 13 0 7.671773135760247 0.38235294117647056
0.02 0.20000000000000001 50 11 0 26.004863291236532 0.4411764705882353
0.05 0.050000000000000003 1 29232 601 7.587825856990935 0.29411764705882354
0.05 0.050000000000000003 2 41907 601 9.698625627865605 0.4411764705882353
0.05 0.050000000000000003 5 57738 601 12.465103940611952 0.35294117647058826
0.05 0.050000000000000003 10 11 0 9.265553131842912 0.2647058823529412
0.05 0.050000000000000003 20 16 0 12.563921662407315 0.3235294117647059
0.05 0.050000000000000003 50 123733 601 22.211257325740306 0.23529411764705882
0.05 0.10000000000000001 1 28173 601 9.022505074208558 0.29411764705882354
0.05 0.10000000000000001 2 11 0 8.59234101433586 0.2647058823529412
0.05 0.10000000000000001 5 70121 601 9.530837712961342 0.35294117647058826
0.05 0.10000000000000001 10 7 0 14.764907448211035 0.38235294117647056
0.05 0.10000000000000001 20 18 0 15.288625912547456 0.3235294117647059
0.05 0.10000000000000001 50 103112 601 24.563131453116625 0.3235294117647059
0.05 0.15000000000000002 1 27304 601 8.110390135144845 0.3235294117647059
0.05 0.15000000000000002 2 46122 601 10.294000661872417 0.3235294117647059
0.05 0.15000000000000002 5 3046 23 8.326785850796574 0.35294117647058826
0.05 0.15000000000000002 10 12 0 8.164957644361248 0.3235294117647059
0.05 0.15000000000000002 20 2632 13 12.291866227820222 0.20588235294117646
0.05 0.15000000000000002 50 23 0 20.225780013739858 0.29411764705882354
0.05 0.20000000000000001 1 12 0 8.996284184090703 0.4117647058823529
0.05 0.20000000000000001 2 44911 601 8.577403510004668 0.2647058823529412
0.05 0.20000000000000001 5 68721 601 6.6097150575988195 0.2647058823529412
0.05 0.20000000000000001 10 8 0 13.45057762353721 0.38235294117647056
0.05 0.20000000000000001 20 16 0 11.97773693042541 0.3235294117647059
0.05 0.20000000000000001 50 14 0 23.69790007375275 0.2647058823529412
1/x 0.050000000000000003 1 27853 601 24.550818446305836 0.47058823529411764
1/x 0.050000000000000003 2 876 11 18.115571643947817 0.4411764705882353
1/x 0.050000000000000003 5 17 0 22.73915821606571 0.29411764705882354
1/x 0.050000000000000003 10 18 0 45.760476124977565 0.29411764705882354
1/x 0.050000000000000003 20 91422 601 78.34599818167395 0.29411764705882354
1/x 0.050000000000000003 50 103157 601 147.55397191581315 0.35294117647058826
1/x 0.10000000000000001 1 27422 601 21.87034566249727 0.5
1/x 0.10000000000000001 2 551 7 18.029087946028966 0.4411764705882353
1/x 0.10000000000000001 5 29 0 23.737926781116307 0.29411764705882354
1/x 0.10000000000000001 10 13 0 41.91242314789908 0.29411764705882354
1/x 0.10000000000000001 20 17 0 67.59771099973098 0.29411764705882354
1/x 0.10000000000000001 50 122 0 153.18442281864495 0.3235294117647059
1/x 0.15000000000000002 1 27954 601 21.142049618154353 0.5294117647058824
1/x 0.15000000000000002 2 558 7 17.35826340440729 0.4411764705882353
1/x 0.15000000000000002 5 16 0 24.81998507651284 0.29411764705882354
1/x 0.15000000000000002 10 17 0 48.376587398290404 0.29411764705882354
1/x 0.15000000000000002 20 12 0 73.2986409205751 0.29411764705882354
1/x 0.15000000000000002 50 14 0 150.86147866743994 0.3235294117647059
1/x 0.20000000000000001 1 28011 601 21.505634001075194 0.47058823529411764
1/x 0.20000000000000001 2 833 10 17.574124190458242 0.4411764705882353
1/x 0.20000000000000001 5 12 0 27.927643093891877 0.29411764705882354
1/x 0.20000000000000001 10 84167 601 45.48328242636479 0.29411764705882354
1/x 0.20000000000000001 20 93014 601 76.48181048174166 0.29411764705882354
1/x 0.20000000000000001 50 830 4 133.79340733812376 0.3235294117647059
1/10x 0.050000000000000003 1 27499 601 17.971028404729367 0.8529411764705882
1/10x 0.050000000000000003 2 45059 601 13.63054148470803 0.7058823529411765
1/10x 0.050000000000000003 5 70682 601 9.980218006918895 0.5882352941176471
1/10x 0.050000000000000003 10 59 0 9.316336289680082 0.5
1/10x 0.050000000000000003 20 32 0 9.563103935187865 0.2647058823529412
1/10x 0.050000000000000003 50 19 0 13.835144293330499 0.2647058823529412
1/10x 0.10000000000000001 1 27822 601 17.97740412896904 0.8529411764705882
1/10x 0.10000000000000001 2 45109 601 13.65847022122472 0.7058823529411765
1/10x 0.10000000000000001 5 383 2 11.903953710079213 0.5588235294117647
1/10x 0.10000000000000001 10 45 0 9.751335861684463 0.5
1/10x 0.10000000000000001 20 20 0 8.92861222476719 0.29411764705882354
1/10x 0.10000000000000001 50 2378 11 11.801228974123065 0.2647058823529412
1/10x 0.15000000000000002 1 28119 601 17.95406036855555 0.8529411764705882
1/10x 0.15000000000000002 2 48025 601 13.675346979585756 0.7058823529411765
1/10x 0.15000000000000002 5 78480 601 9.9353810430453 0.5882352941176471
1/10x 0.15000000000000002 10 84 0 9.479556691306964 0.4411764705882353
1/10x 0.15000000000000002 20 17 0 9.05462719674958 0.3235294117647059
1/10x 0.15000000000000002 50 11 0 16.461285705338828 0.3235294117647059
1/10x 0.20000000000000001 1 28458 601 17.94973547762954 0.8529411764705882
1/10x 0.20000000000000001 2 47511 601 13.700806855398817 0.7058823529411765
1/10x 0.20000000000000001 5 78735 601 10.137618101336026 0.5588235294117647
1/10x 0.20000000000000001 10 204 1 8.903593756510743 0.4117647058823529
1/10x 0.20000000000000001 20 42 0 9.47259396354098 0.29411764705882354
1/10x 0.20000000000000001 50 16 0 15.989719468915894 0.2647058823529412
1/100x 0.050000000000000003 1 28900 601 26.967408811770387 0.8823529411764706
1/100x 0.050000000000000003 2 47681 601 24.730230689518237 0.8823529411764706
1/100x 0.050000000000000003 5 79131 601 21.00075105180996 0.8529411764705882
1/100x 0.050000000000000003 10 16360 92 18.039644263656943 0.8529411764705882
1/100x 0.050000000000000003 20 4728 21 14.621974763916128 0.7941176470588235
1/100x 0.050000000000000003 50 141 0 12.887080262689597 0.7352941176470589
1/100x 0.10000000000000001 1 28786 601 26.95383745877193 0.8823529411764706
1/100x 0.10000000000000001 2 48009 601 24.717372798761858 0.8823529411764706
1/100x 0.10000000000000001 5 79209 601 21.010455131277087 0.8529411764705882
1/100x 0.10000000000000001 10 99381 601 17.289838485119702 0.8529411764705882
1/100x 0.10000000000000001 20 6448 29 14.480063162012502 0.7941176470588235
1/100x 0.10000000000000001 50 54 0 13.040551343005884 0.7058823529411765
1/100x 0.15000000000000002 1 28819 601 26.945531853558993 0.8823529411764706
1/100x 0.15000000000000002 2 48192 601 24.723289045774244 0.8823529411764706
1/100x 0.15000000000000002 5 79367 601 21.024364642979215 0.8529411764705882
1/100x 0.15000000000000002 10 99443 601 17.272926273573916 0.8529411764705882
1/100x 0.15000000000000002 20 16900 80 14.050837149541547 0.7941176470588235
1/100x 0.15000000000000002 50 125 0 12.597077892895594 0.7352941176470589
1/100x 0.20000000000000001 1 28802 601 26.949332656200248 0.8823529411764706
1/100x 0.20000000000000001 2 48486 601 24.70941341615883 0.8823529411764706
1/100x 0.20000000000000001 5 79771 601 21.018844157801148 0.8529411764705882
1/100x 0.20000000000000001 10 99620 601 17.28177161819679 0.8529411764705882
1/100x 0.20000000000000001 20 1667 7 15.399815113324436 0.8235294117647058
1/100x 0.20000000000000001 50 133 0 12.357793250390614 0.7058823529411765
1/sqrt(x) 0.050000000000000003 1 28939 601 23.878318077910905 0.38235294117647056
1/sqrt(x) 0.050000000000000003 2 186 2 23.581402386077244 0.4117647058823529
1/sqrt(x) 0.050000000000000003 5 77288 601 29.37892814931426 0.2647058823529412
1/sqrt(x) 0.050000000000000003 10 93873 601 55.65805802664181 0.29411764705882354
1/sqrt(x) 0.050000000000000003 20 17 0 119.26529963014914 0.3235294117647059
1/sqrt(x) 0.050000000000000003 50 10 0 196.40167604283653 0.23529411764705882
1/sqrt(x) 0.10000000000000001 1 28929 601 27.5452396373083 0.47058823529411764
1/sqrt(x) 0.10000000000000001 2 12 0 26.318755668373576 0.35294117647058826
1/sqrt(x) 0.10000000000000001 5 78857 601 26.872594950320533 0.2647058823529412
1/sqrt(x) 0.10000000000000001 10 97900 601 61.44814217624463 0.3235294117647059
1/sqrt(x) 0.10000000000000001 20 118842 601 127.51030881706441 0.29411764705882354
1/sqrt(x) 0.10000000000000001 50 133330 601 211.05152752649755 0.3235294117647059
1/sqrt(x) 0.15000000000000002 1 12 0 22.73883895229746 0.38235294117647056
1/sqrt(x) 0.15000000000000002 2 6 0 26.3422032002797 0.3235294117647059
1/sqrt(x) 0.15000000000000002 5 76581 601 31.088105789035815 0.2647058823529412
1/sqrt(x) 0.15000000000000002 10 99831 601 59.40083764767781 0.35294117647058826
1/sqrt(x) 0.15000000000000002 20 108068 601 121.80091917181811 0.3235294117647059
1/sqrt(x) 0.15000000000000002 50 25 0 159.00289354436276 0.29411764705882354
1/sqrt(x) 0.20000000000000001 1 15 0 26.88210113094517 0.4117647058823529
1/sqrt(x) 0.20000000000000001 2 48152 601 24.00516910708208 0.38235294117647056
1/sqrt(x) 0.20000000000000001 5 81734 601 35.43934258558244 0.38235294117647056
1/sqrt(x) 0.20000000000000001 10 10 0 59.00067439817664 0.35294117647058826
1/sqrt(x) 0.20000000000000001 20 109005 601 88.83723323672643 0.29411764705882354
1/sqrt(x) 0.20000000000000001 50 13 0 194.1916189634651 0.29411764705882354
1/10sqrt(x) 0.050000000000000003 1 27 0 10.15316749810562 0.6764705882352942
1/10sqrt(x) 0.050000000000000003 2 22 0 9.797081804157488 0.5588235294117647
1/10sqrt(x) 0.050000000000000003 5 17 0 8.942052660850477 0.4117647058823529
1/10sqrt(x) 0.050000000000000003 10 16 0 10.576232898113426 0.5
1/10sqrt(x) 0.050000000000000003 20 14 0 10.297784874180682 0.29411764705882354
1/10sqrt(x) 0.050000000000000003 50 20 0 22.231578734452608 0.23529411764705882
1/10sqrt(x) 0.10000000000000001 1 28 0 10.408294195731733 0.7058823529411765
1/10sqrt(x) 0.10000000000000001 2 22 0 9.966494214711183 0.5588235294117647
1/10sqrt(x) 0.10000000000000001 5 131 0 8.193486647121702 0.4411764705882353
1/10sqrt(x) 0.10000000000000001 10 12 0 8.863501896482502 0.4117647058823529
1/10sqrt(x) 0.10000000000000001 20 9 0 9.607912454038544 0.2647058823529412
1/10sqrt(x) 0.10000000000000001 50 16 0 14.00511508258978 0.2647058823529412
1/10sqrt(x) 0.15000000000000002 1 14 0 10.857527575529746 0.7058823529411765
1/10sqrt(x) 0.15000000000000002 2 18 0 10.190883629311507 0.6470588235294118
1/10sqrt(x) 0.15000000000000002 5 23 0 9.186495203865453 0.5
1/10sqrt(x) 0.15000000000000002 10 13 0 8.832667998666992 0.38235294117647056
1/10sqrt(x) 0.15000000000000002 20 12 0 12.300797886775934 0.29411764705882354
1/10sqrt(x) 0.15000000000000002 50 42 0 16.503321700382475 0.29411764705882354
1/10sqrt(x) 0.20000000000000001 1 28 0 10.32194231165521 0.6470588235294118
1/10sqrt(x) 0.20000000000000001 2 20 0 10.581026137208374 0.6764705882352942
1/10sqrt(x) 0.20000000000000001 5 20 0 8.490656833642474 0.47058823529411764
1/10sqrt(x) 0.20000000000000001 10 9 0 9.810860966769644 0.4411764705882353
1/10sqrt(x) 0.20000000000000001 20 12 0 10.588982421723626 0.23529411764705882
1/10sqrt(x) 0.20000000000000001 50 1976 8 17.282619112925545 0.29411764705882354
1/100sqrt(x) 0.050000000000000003 1 2495 52 11.3227131376097 0.7352941176470589
1/100sqrt(x) 0.050000000000000003 2 284 3 12.69558217648035 0.7647058823529411
1/100sqrt(x) 0.050000000000000003 5 514 3 11.271277603878131 0.7352941176470589
1/100sqrt(x) 0.050000000000000003 10 119 0 11.563110043168715 0.7352941176470589
1/100sqrt(x) 0.050000000000000003 20 35 0 12.053854842982814 0.7352941176470589
1/100sqrt(x) 0.050000000000000003 50 51 0 10.43272689852316 0.6764705882352942
1/100sqrt(x) 0.10000000000000001 1 2442 50 11.320770079546145 0.7352941176470589
1/100sqrt(x) 0.10000000000000001 2 181 2 13.390483632687577 0.7647058823529411
1/100sqrt(x) 0.10000000000000001 5 200 1 11.916923074932226 0.7352941176470589
1/100sqrt(x) 0.10000000000000001 10 205 1 11.11204905233187 0.7352941176470589
1/100sqrt(x) 0.10000000000000001 20 117 0 10.922316426641954 0.7352941176470589
1/100sqrt(x) 0.10000000000000001 50 51 0 9.993771796110284 0.7352941176470589
1/100sqrt(x) 0.15000000000000002 1 2574 53 11.320790699396722 0.7352941176470589
1/100sqrt(x) 0.15000000000000002 2 1282 16 11.304248595121175 0.7352941176470589
1/100sqrt(x) 0.15000000000000002 5 60 0 13.673210751797626 0.7647058823529411
1/100sqrt(x) 0.15000000000000002 10 95 0 11.886921291524656 0.7352941176470589
1/100sqrt(x) 0.15000000000000002 20 61 0 11.414692359020881 0.7352941176470589
1/100sqrt(x) 0.15000000000000002 50 66 0 10.18605041974915 0.7058823529411765
1/100sqrt(x) 0.20000000000000001 1 2520 56 11.33631637439189 0.7352941176470589
1/100sqrt(x) 0.20000000000000001 2 1215 14 11.309882311096807 0.7352941176470589
1/100sqrt(x) 0.20000000000000001 5 273 1 11.629974754218129 0.7352941176470589
1/100sqrt(x) 0.20000000000000001 10 180 0 11.230447124310786 0.7352941176470589
1/100sqrt(x) 0.20000000000000001 20 52 0 11.563074579107024 0.7352941176470589
1/100sqrt(x) 0.20000000000000001 50 27 0 10.162808175948971 0.6764705882352942
1/cbrt(x) 0.050000000000000003 1 28865 601 25.23215826485469 0.29411764705882354
1/cbrt(x) 0.050000000000000003 2 48399 601 39.49449375013871 0.47058823529411764
1/cbrt(x) 0.050000000000000003 5 79215 601 54.77124353183207 0.3235294117647059
1/cbrt(x) 0.050000000000000003 10 94121 601 79.28869373217186 0.29411764705882354
1/cbrt(x) 0.050000000000000003 20 119171 601 157.80508160736343 0.3235294117647059
1/cbrt(x) 0.050000000000000003 50 132824 601 252.37444639205503 0.29411764705882354
1/cbrt(x) 0.10000000000000001 1 28336 601 33.51401060547488 0.35294117647058826
1/cbrt(x) 0.10000000000000001 2 47951 601 40.08086222553353 0.2647058823529412
1/cbrt(x) 0.10000000000000001 5 78518 601 70.56960251043103 0.23529411764705882
1/cbrt(x) 0.10000000000000001 10 12 0 86.75942883039589 0.35294117647058826
1/cbrt(x) 0.10000000000000001 20 13 0 130.4780972461286 0.35294117647058826
1/cbrt(x) 0.10000000000000001 50 7 0 428.54856292613067 0.4411764705882353
1/cbrt(x) 0.15000000000000002 1 28530 601 28.872855940894794 0.3235294117647059
1/cbrt(x) 0.15000000000000002 2 10 0 38.28681791920698 0.29411764705882354
1/cbrt(x) 0.15000000000000002 5 37409 274 53.25060196586404 0.2647058823529412
1/cbrt(x) 0.15000000000000002 10 95171 601 55.99272556455787 0.3235294117647059
1/cbrt(x) 0.15000000000000002 20 109094 601 155.10846881915998 0.29411764705882354
1/cbrt(x) 0.15000000000000002 50 133408 601 300.1299507508559 0.29411764705882354
1/cbrt(x) 0.20000000000000001 1 29218 601 31.40444051544138 0.38235294117647056
1/cbrt(x) 0.20000000000000001 2 9 0 38.571488533322224 0.38235294117647056
1/cbrt(x) 0.20000000000000001 5 11 0 73.70936172568128 0.3235294117647059
1/cbrt(x) 0.20000000000000001 10 10 0 62.238642837674284 0.29411764705882354
1/cbrt(x) 0.20000000000000001 20 16 0 154.6119504643962 0.3235294117647059
1/cbrt(x) 0.20000000000000001 50 855 3 200.32545401922488 0.35294117647058826
1/10cbrt(x) 0.050000000000000003 1 14 0 9.661436279491944 0.5294117647058824
1/10cbrt(x) 0.050000000000000003 2 10 0 9.145174592950406 0.47058823529411764
1/10cbrt(x) 0.050000000000000003 5 79528 601 7.982469026722543 0.29411764705882354
1/10cbrt(x) 0.050000000000000003 10 100005 601 9.889639838537072 0.29411764705882354
1/10cbrt(x) 0.050000000000000003 20 13 0 15.046097005464897 0.20588235294117646
1/10cbrt(x) 0.050000000000000003 50 18 0 24.88683986485487 0.38235294117647056
1/10cbrt(x) 0.10000000000000001 1 16 0 9.756740528699654 0.5588235294117647
1/10cbrt(x) 0.10000000000000001 2 47952 601 9.145909990189427 0.5294117647058824
1/10cbrt(x) 0.10000000000000001 5 13 0 7.747552430877575 0.38235294117647056
1/10cbrt(x) 0.10000000000000001 10 66754 386 8.877988497549572 0.29411764705882354
1/10cbrt(x) 0.10000000000000001 20 13 0 13.737638953986174 0.2647058823529412
1/10cbrt(x) 0.10000000000000001 50 127369 601 23.029271594283735 0.3235294117647059
1/10cbrt(x) 0.15000000000000002 1 15 0 11.34817624793588 0.5588235294117647
1/10cbrt(x) 0.15000000000000002 2 108 1 9.824809611451363 0.5
1/10cbrt(x) 0.15000000000000002 5 12 0 8.761556593090425 0.29411764705882354
1/10cbrt(x) 0.15000000000000002 10 10 0 8.46715943626624 0.29411764705882354
1/10cbrt(x) 0.15000000000000002 20 20 0 13.173415845631169 0.23529411764705882
1/10cbrt(x) 0.15000000000000002 50 129560 586 15.938183873588143 0.3235294117647059
1/10cbrt(x) 0.20000000000000001 1 2422 50 9.019805570905264 0.47058823529411764
1/10cbrt(x) 0.20000000000000001 2 19344 239 8.717738760593535 0.38235294117647056
1/10cbrt(x) 0.20000000000000001 5 22110 153 9.209074046492793 0.35294117647058826
1/10cbrt(x) 0.20000000000000001 10 14 0 9.413155229968956 0.29411764705882354
1/10cbrt(x) 0.20000000000000001 20 115630 601 10.237078803911205 0.29411764705882354
1/10cbrt(x) 0.20000000000000001 50 19 0 23.90993089948462 0.29411764705882354
1/100cbrt(x) 0.050000000000000003 1 194 4 11.2083129637619 0.7352941176470589
1/100cbrt(x) 0.050000000000000003 2 80 1 11.608836998667531 0.7352941176470589
1/100cbrt(x) 0.050000000000000003 5 92 0 11.09086204162047 0.7352941176470589
1/100cbrt(x) 0.050000000000000003 10 27 0 11.584489219835199 0.7352941176470589
1/100cbrt(x) 0.050000000000000003 20 53 0 10.386808958198355 0.7352941176470589
1/100cbrt(x) 0.050000000000000003 50 34 0 9.2422838380143 0.5882352941176471
1/100cbrt(x) 0.10000000000000001 1 199 4 11.22023837754038 0.7352941176470589
1/100cbrt(x) 0.10000000000000001 2 36 0 12.760742342494357 0.7352941176470589
1/100cbrt(x) 0.10000000000000001 5 51 0 11.599180818822974 0.7352941176470589
1/100cbrt(x) 0.10000000000000001 10 44 0 10.948881954029941 0.7352941176470589
1/100cbrt(x) 0.10000000000000001 20 43 0 10.56780798416378 0.7352941176470589
1/100cbrt(x) 0.10000000000000001 50 37 0 8.989497483699894 0.6470588235294118
1/100cbrt(x) 0.15000000000000002 1 38 0 13.599959740342074 0.7647058823529411
1/100cbrt(x) 0.15000000000000002 2 84 1 11.431708987791914 0.7058823529411765
1/100cbrt(x) 0.15000000000000002 5 90 0 11.11680877593797 0.7352941176470589
1/100cbrt(x) 0.15000000000000002 10 53 0 10.68320246640192 0.7352941176470589
1/100cbrt(x) 0.15000000000000002 20 54 0 10.454451311964252 0.7058823529411765
1/100cbrt(x) 0.15000000000000002 50 20 0 9.650290897163064 0.5882352941176471
1/100cbrt(x) 0.20000000000000001 1 95 2 11.715562337582517 0.7352941176470589
1/100cbrt(x) 0.20000000000000001 2 102 1 11.329139843672012 0.7352941176470589
1/100cbrt(x) 0.20000000000000001 5 80 0 11.125139726006191 0.7352941176470589
1/100cbrt(x) 0.20000000000000001 10 62 0 10.955302649558003 0.7352941176470589
1/100cbrt(x) 0.20000000000000001 20 44 0 10.599002532133365 0.7058823529411765
1/100cbrt(x) 0.20000000000000001 50 12 0 10.819851388570257 0.6176470588235294
