0.000000000000000000e+00 3.703703703703703845e-03 3.703703703703703845e-03 3.703703703703703845e-03 1.851851851851851923e-03 3.703703703703703845e-03 5.555555555555555768e-03 3.703703703703703845e-03 0.000000000000000000e+00 1.851851851851851923e-03 1.851851851851851923e-03
5.000000000000000278e-02 3.703703703703703845e-03 3.703703703703703845e-03 3.703703703703703845e-03 1.851851851851851923e-03 3.703703703703703845e-03 5.555555555555555768e-03 3.703703703703703845e-03 0.000000000000000000e+00 1.851851851851851923e-03 1.851851851851851923e-03
1.000000000000000056e-01 1.851851851851851923e-03 3.703703703703703845e-03 3.703703703703703845e-03 0.000000000000000000e+00 3.703703703703703845e-03 5.555555555555555768e-03 3.703703703703703845e-03 0.000000000000000000e+00 0.000000000000000000e+00 0.000000000000000000e+00
1.500000000000000222e-01 1.851851851851851923e-03 3.703703703703703845e-03 3.703703703703703845e-03 0.000000000000000000e+00 3.703703703703703845e-03 5.555555555555555768e-03 3.703703703703703845e-03 0.000000000000000000e+00 0.000000000000000000e+00 0.000000000000000000e+00
2.000000000000000111e-01 1.851851851851851923e-03 3.703703703703703845e-03 3.703703703703703845e-03 0.000000000000000000e+00 3.703703703703703845e-03 5.555555555555555768e-03 3.703703703703703845e-03 0.000000000000000000e+00 0.000000000000000000e+00 0.000000000000000000e+00
2.500000000000000000e-01 1.851851851851851923e-03 3.703703703703703845e-03 3.703703703703703845e-03 0.000000000000000000e+00 3.703703703703703845e-03 5.555555555555555768e-03 3.703703703703703845e-03 0.000000000000000000e+00 0.000000000000000000e+00 0.000000000000000000e+00
3.000000000000000444e-01 1.851851851851851923e-03 3.703703703703703845e-03 3.703703703703703845e-03 0.000000000000000000e+00 3.703703703703703845e-03 5.555555555555555768e-03 3.703703703703703845e-03 0.000000000000000000e+00 0.000000000000000000e+00 0.000000000000000000e+00
3.500000000000000333e-01 1.851851851851851923e-03 3.703703703703703845e-03 1.851851851851851923e-03 0.000000000000000000e+00 3.703703703703703845e-03 5.555555555555555768e-03 3.703703703703703845e-03 0.000000000000000000e+00 0.000000000000000000e+00 0.000000000000000000e+00
4.000000000000000222e-01 1.851851851851851923e-03 3.703703703703703845e-03 1.851851851851851923e-03 0.000000000000000000e+00 3.703703703703703845e-03 5.555555555555555768e-03 3.703703703703703845e-03 0.000000000000000000e+00 0.000000000000000000e+00 0.000000000000000000e+00
4.500000000000000111e-01 1.851851851851851923e-03 3.703703703703703845e-03 1.851851851851851923e-03 0.000000000000000000e+00 3.703703703703703845e-03 5.555555555555555768e-03 3.703703703703703845e-03 0.000000000000000000e+00 0.000000000000000000e+00 0.000000000000000000e+00
5.000000000000000000e-01 1.851851851851851923e-03 3.703703703703703845e-03 1.851851851851851923e-03 0.000000000000000000e+00 3.703703703703703845e-03 5.555555555555555768e-03 3.703703703703703845e-03 0.000000000000000000e+00 0.000000000000000000e+00 0.000000000000000000e+00
5.500000000000000444e-01 1.851851851851851923e-03 5.555555555555555768e-03 1.851851851851851923e-03 0.000000000000000000e+00 3.703703703703703845e-03 5.555555555555555768e-03 3.703703703703703845e-03 0.000000000000000000e+00 0.000000000000000000e+00 0.000000000000000000e+00
6.000000000000000888e-01 1.851851851851851923e-03 5.555555555555555768e-03 1.851851851851851923e-03 0.000000000000000000e+00 3.703703703703703845e-03 5.555555555555555768e-03 3.703703703703703845e-03 0.000000000000000000e+00 0.000000000000000000e+00 0.000000000000000000e+00
6.500000000000000222e-01 1.851851851851851923e-03 5.555555555555555768e-03 1.851851851851851923e-03 0.000000000000000000e+00 3.703703703703703845e-03 5.555555555555555768e-03 3.703703703703703845e-03 0.000000000000000000e+00 0.000000000000000000e+00 0.000000000000000000e+00
7.000000000000000666e-01 1.851851851851851923e-03 5.555555555555555768e-03 1.851851851851851923e-03 0.000000000000000000e+00 3.703703703703703845e-03 5.555555555555555768e-03 3.703703703703703845e-03 0.000000000000000000e+00 0.000000000000000000e+00 0.000000000000000000e+00
7.500000000000000000e-01 1.851851851851851923e-03 5.555555555555555768e-03 3.703703703703703845e-03 0.000000000000000000e+00 3.703703703703703845e-03 5.555555555555555768e-03 3.703703703703703845e-03 0.000000000000000000e+00 0.000000000000000000e+00 0.000000000000000000e+00
8.000000000000000444e-01 1.851851851851851923e-03 5.555555555555555768e-03 3.703703703703703845e-03 0.000000000000000000e+00 3.703703703703703845e-03 5.555555555555555768e-03 3.703703703703703845e-03 0.000000000000000000e+00 0.000000000000000000e+00 0.000000000000000000e+00
8.500000000000000888e-01 1.851851851851851923e-03 5.555555555555555768e-03 3.703703703703703845e-03 0.000000000000000000e+00 3.703703703703703845e-03 5.555555555555555768e-03 3.703703703703703845e-03 0.000000000000000000e+00 0.000000000000000000e+00 0.000000000000000000e+00
9.000000000000000222e-01 1.851851851851851923e-03 5.555555555555555768e-03 3.703703703703703845e-03 0.000000000000000000e+00 3.703703703703703845e-03 5.555555555555555768e-03 3.703703703703703845e-03 0.000000000000000000e+00 0.000000000000000000e+00 0.000000000000000000e+00
9.500000000000000666e-01 1.851851851851851923e-03 5.555555555555555768e-03 3.703703703703703845e-03 0.000000000000000000e+00 3.703703703703703845e-03 5.555555555555555768e-03 3.703703703703703845e-03 0.000000000000000000e+00 0.000000000000000000e+00 0.000000000000000000e+00
1.000000000000000000e+00 1.851851851851851923e-03 5.555555555555555768e-03 3.703703703703703845e-03 0.000000000000000000e+00 3.703703703703703845e-03 5.555555555555555768e-03 3.703703703703703845e-03 0.000000000000000000e+00 0.000000000000000000e+00 0.000000000000000000e+00
1.050000000000000044e+00 1.851851851851851923e-03 5.555555555555555768e-03 3.703703703703703845e-03 0.000000000000000000e+00 3.703703703703703845e-03 5.555555555555555768e-03 3.703703703703703845e-03 0.000000000000000000e+00 0.000000000000000000e+00 0.000000000000000000e+00
1.100000000000000089e+00 1.851851851851851923e-03 5.555555555555555768e-03 3.703703703703703845e-03 0.000000000000000000e+00 3.703703703703703845e-03 5.555555555555555768e-03 3.703703703703703845e-03 0.000000000000000000e+00 0.000000000000000000e+00 0.000000000000000000e+00
1.150000000000000133e+00 1.851851851851851923e-03 5.555555555555555768e-03 3.703703703703703845e-03 0.000000000000000000e+00 3.703703703703703845e-03 7.407407407407407690e-03 3.703703703703703845e-03 0.000000000000000000e+00 0.000000000000000000e+00 0.000000000000000000e+00
1.200000000000000178e+00 1.851851851851851923e-03 5.555555555555555768e-03 3.703703703703703845e-03 0.000000000000000000e+00 3.703703703703703845e-03 7.407407407407407690e-03 3.703703703703703845e-03 0.000000000000000000e+00 0.000000000000000000e+00 0.000000000000000000e+00
