0.000000000000000000e+00 5.744587085765863466e-02 6.286176966157409896e-02 5.888261080503742750e-02 5.764174053329558511e-02 5.852310311039585211e-02 5.476434183547301826e-02 6.030518886873597467e-02 5.244316684765042841e-02 5.573625215599706945e-02 5.676987239550935344e-02
5.000000000000000278e-02 5.720486750154138433e-02 6.263919042352833477e-02 5.871840956185172405e-02 5.743541538965912796e-02 5.821032903865396707e-02 5.459749498583280070e-02 6.015899698903753173e-02 5.223840572094985701e-02 5.561537325764161904e-02 5.654438763032158810e-02
1.000000000000000056e-01 5.702121324448571060e-02 6.246798642873569590e-02 5.859545776668766137e-02 5.727445557778576557e-02 5.796906858688189584e-02 5.448543075405961472e-02 6.004526774170628606e-02 5.208383210185220380e-02 5.552949657091071217e-02 5.637205303396303907e-02
1.500000000000000222e-01 5.687846983158467012e-02 6.233401033507127847e-02 5.850148389076773037e-02 5.714625540266879411e-02 5.777868442992048492e-02 5.440990382765178296e-02 5.995534644279903319e-02 5.196459980130480744e-02 5.546813568024989288e-02 5.623818796770573697e-02
2.000000000000000111e-01 5.676625214438529854e-02 6.222813527428981695e-02 5.842900955386012840e-02 5.704272177403650612e-02 5.762625449813651296e-02 5.436010982891995025e-02 5.988361201635329645e-02 5.187154612731485065e-02 5.542482830938032928e-02 5.613327266062806409e-02
2.500000000000000000e-01 5.667756530881183641e-02 6.214413755075027385e-02 5.837311919777466579e-02 5.695836469363193405e-02 5.750313394914975673e-02 5.432919527909673557e-02 5.982620515889128243e-02 5.179861505873967209e-02 5.539531110162843747e-02 5.605080494980404365e-02
3.000000000000000444e-01 5.660747490068723103e-02 6.207758840975998588e-02 5.833039740403812845e-02 5.688929804962770259e-02 5.740325041313187882e-02 5.431257697088165415e-02 5.978036138897049878e-02 5.174159349131379759e-02 5.537662533349339833e-02 5.598616104902875285e-02
3.500000000000000333e-01 5.655237523234503405e-02 6.202522806521171966e-02 5.829836877063697409e-02 5.683267596429369267e-02 5.732217583024471624e-02 5.430705902857587558e-02 5.974403292012978733e-02 5.169743173948763981e-02 5.536663592141755075e-02 5.593594490756541304e-02
4.000000000000000222e-01 5.650955703623036092e-02 6.198459038293183121e-02 5.827517889130667816e-02 5.678635556695662417e-02 5.725658396766181851e-02 5.431033619689092096e-02 5.971566094698635419e-02 5.166385136674298689e-02 5.536375355707813528e-02 5.589759515270945056e-02
4.500000000000000111e-01 5.647693775383104409e-02 6.195376677473621307e-02 5.825940122105390667e-02 5.674868544186293523e-02 5.720391522644243526e-02 5.432069853407194698e-02 5.969403173747471480e-02 5.163910575632788685e-02 5.536676488164953003e-02 5.586913659602205789e-02
5.000000000000000000e-01 5.645288586690789395e-02 6.193125163963856400e-02 5.824991423573180199e-02 5.671836761079309536e-02 5.716216007430648810e-02 5.433684764835401693e-02 5.967818202064308075e-02 5.162182708991621544e-02 5.537472385850307488e-02 5.584901713207960500e-02
5.500000000000000444e-01 5.643610239891682506e-02 6.191583776738621148e-02 5.824582008109960296e-02 5.669436448672199313e-02 5.712971389040823189e-02 5.435777788345016320e-02 5.966733469882860852e-02 5.161092476394577022e-02 5.538687963786780022e-02 5.583599722291749529e-02
6.000000000000000888e-01 5.642553862278476551e-02 6.190654350812120621e-02 5.824638884859263677e-02 5.667583435559742089e-02 5.710527664714543095e-02 5.438269695089143624e-02 5.966085392018945915e-02 5.160551576952747410e-02 5.540262712262145062e-02 5.582907295479694332e-02
6.500000000000000222e-01 5.642033747950475631e-02 6.190256080824631940e-02 5.825101929939235923e-02 5.666208554154220089e-02 5.708778174955386059e-02 5.441097139904611107e-02 5.965821291613274818e-02 5.160487565370755481e-02 5.542147218382609264e-02 5.582742118907933065e-02
7.000000000000000666e-01 5.641979098732234632e-02 6.190321733094701628e-02 5.825921049795585588e-02 5.665254315203162999e-02 5.707634441478506848e-02 5.444208821916436680e-02 5.965897048758522087e-02 5.160840315468797485e-02 5.544300660248595303e-02 5.583035964783020916e-02
7.500000000000000000e-01 5.642330869697848028e-02 6.190794832134565578e-02 5.827054088826522094e-02 5.664672448845502889e-02 5.707022349029240021e-02 5.447562722592667883e-02 5.966275349408109441e-02 5.161559417333391742e-02 5.546688966293084749e-02 5.583731733106332001e-02
8.000000000000000444e-01 5.643039394392890956e-02 6.191627536262026693e-02 5.828465257128888355e-02 5.664422056432887737e-02 5.706879272301574463e-02 5.451124080762411589e-02 5.966924359748868034e-02 5.162602226098594177e-02 5.549283438634169952e-02 5.584781223355829438e-02
8.500000000000000888e-01 5.644062571391349203e-02 6.192779009257943362e-02 5.830123929883610640e-02 5.664468200417060312e-02 5.707151881376706926e-02 5.454863882476908288e-02 5.967816707996781433e-02 5.163932376265841645e-02 5.552059707422304230e-02 5.586143431148474919e-02
9.000000000000000222e-01 5.645364461040418280e-02 6.194214155540891248e-02 5.832003717270595189e-02 5.664780813935509779e-02 5.707794442090370624e-02 5.458757717708868223e-02 5.968928691812029619e-02 5.165518633654012093e-02 5.554996925508521449e-02 5.587783229286765602e-02
9.500000000000000666e-01 5.646914187259045870e-02 6.195902626268766367e-02 5.834081734422081472e-02 5.665333847338880485e-02 5.708767484003334641e-02 5.462784902802892556e-02 5.970239654060477408e-02 5.167333997261978895e-02 5.558077140206561101e-02 5.589670333846661482e-02
1.000000000000000000e+00 5.648685068805666537e-02 6.197818029258447131e-02 5.836338022040284818e-02 5.666104592608554869e-02 5.710036744731582931e-02 5.466927798591291604e-02 5.971731485828140479e-02 5.169354988418877611e-02 5.561284797619301529e-02 5.591778485436579155e-02
1.050000000000000044e+00 5.650653925121616045e-02 6.199937295222430339e-02 5.838755081349986109e-02 5.667073143468648322e-02 5.711572324912515819e-02 5.471171274450817301e-02 5.973388226708972737e-02 5.171561081825570838e-02 5.564606347665145003e-02 5.594084793661622396e-02
1.100000000000000089e+00 5.652800517387910478e-02 6.202240164153952073e-02 5.841317497734357239e-02 5.668221959474224747e-02 5.713348005592777668e-02 5.475502282799744880e-02 5.975195740539401140e-02 5.173934246496372097e-02 5.568029926094413690e-02 5.596569208269534801e-02
1.150000000000000133e+00 5.655107093989861222e-02 6.204708766299457667e-02 5.844011633095273078e-02 5.669535511405278394e-02 5.715340692202586920e-02 5.479909518137485169e-02 5.977141449968945142e-02 5.176458571547565973e-02 5.571545096514776696e-02 5.599214088281442847e-02
1.200000000000000178e+00 5.657558018834125263e-02 6.207327277194670673e-02 5.846825372583878272e-02 5.670999990270148700e-02 5.717529958065511314e-02 5.484383141307874743e-02 5.979214117745999119e-02 5.179119959013250146e-02 5.575142639203284345e-02 5.602003848602207792e-02
