1.000000000000000021e-03 1.000000000000000000e+01 1.000000000000000000e+01 4.182042331696077226e-05 0.000000000000000000e+00
5.000000000000000104e-04 1.000000000000000000e+01 1.000000000000000000e+01 9.253407130224479426e-05 0.000000000000000000e+00
1.000000000000000048e-04 1.000000000000000000e+01 1.000000000000000000e+01 6.040514507533115010e-04 0.000000000000000000e+00
5.000000000000000240e-05 1.000000000000000000e+01 1.000000000000000000e+01 1.578583094890729328e-03 0.000000000000000000e+00
1.000000000000000082e-05 1.000000000000000000e+01 1.000000000000000000e+01 1.404909825908533423e-02 0.000000000000000000e+00
1.000000000000000021e-03 2.000000000000000000e+01 1.000000000000000000e+01 3.192498001664605622e-05 0.000000000000000000e+00
5.000000000000000104e-04 2.000000000000000000e+01 1.000000000000000000e+01 7.011882660617872352e-05 0.000000000000000000e+00
1.000000000000000048e-04 2.000000000000000000e+01 1.000000000000000000e+01 4.599880705798362339e-04 0.000000000000000000e+00
5.000000000000000240e-05 2.000000000000000000e+01 1.000000000000000000e+01 1.017640143760795797e-03 0.000000000000000000e+00
1.000000000000000082e-05 2.000000000000000000e+01 1.000000000000000000e+01 7.442621890229966959e-03 0.000000000000000000e+00
1.000000000000000021e-03 3.000000000000000000e+01 1.000000000000000000e+01 1.285209558543021994e-04 0.000000000000000000e+00
5.000000000000000104e-04 3.000000000000000000e+01 1.000000000000000000e+01 2.894670078795179053e-04 0.000000000000000000e+00
1.000000000000000048e-04 3.000000000000000000e+01 1.000000000000000000e+01 1.967957297211565901e-03 0.000000000000000000e+00
5.000000000000000240e-05 3.000000000000000000e+01 1.000000000000000000e+01 4.590884871528478663e-03 0.000000000000000000e+00
1.000000000000000082e-05 3.000000000000000000e+01 1.000000000000000000e+01 3.617916179881790206e-02 0.000000000000000000e+00
1.000000000000000021e-03 4.000000000000000000e+01 1.000000000000000000e+01 1.217331537231316715e-04 0.000000000000000000e+00
5.000000000000000104e-04 4.000000000000000000e+01 1.000000000000000000e+01 2.797605862360715056e-04 0.000000000000000000e+00
1.000000000000000048e-04 4.000000000000000000e+01 1.000000000000000000e+01 1.891139415877394819e-03 0.000000000000000000e+00
5.000000000000000240e-05 4.000000000000000000e+01 1.000000000000000000e+01 4.315289463530316491e-03 0.000000000000000000e+00
1.000000000000000082e-05 4.000000000000000000e+01 1.000000000000000000e+01 3.440369894090761910e-02 0.000000000000000000e+00
1.000000000000000021e-03 5.000000000000000000e+01 1.000000000000000000e+01 1.796943510453527439e-04 0.000000000000000000e+00
5.000000000000000104e-04 5.000000000000000000e+01 1.000000000000000000e+01 3.608051937726102203e-04 0.000000000000000000e+00
1.000000000000000048e-04 5.000000000000000000e+01 1.000000000000000000e+01 2.723407312936413499e-03 0.000000000000000000e+00
5.000000000000000240e-05 5.000000000000000000e+01 1.000000000000000000e+01 6.207266633335827705e-03 0.000000000000000000e+00
1.000000000000000082e-05 5.000000000000000000e+01 1.000000000000000000e+01 4.453879095104591040e-02 0.000000000000000000e+00
1.000000000000000021e-03 6.000000000000000000e+01 1.000000000000000000e+01 9.619454724488541472e-05 0.000000000000000000e+00
5.000000000000000104e-04 6.000000000000000000e+01 1.000000000000000000e+01 2.162796580514694833e-04 0.000000000000000000e+00
1.000000000000000048e-04 6.000000000000000000e+01 1.000000000000000000e+01 1.484625622057173834e-03 0.000000000000000000e+00
5.000000000000000240e-05 6.000000000000000000e+01 1.000000000000000000e+01 3.564216442607411484e-03 0.000000000000000000e+00
1.000000000000000082e-05 6.000000000000000000e+01 1.000000000000000000e+01 2.506272995426727171e-02 0.000000000000000000e+00
1.000000000000000021e-03 7.000000000000000000e+01 1.000000000000000000e+01 1.482693375431876819e-04 0.000000000000000000e+00
5.000000000000000104e-04 7.000000000000000000e+01 1.000000000000000000e+01 3.156717791538583015e-04 0.000000000000000000e+00
1.000000000000000048e-04 7.000000000000000000e+01 1.000000000000000000e+01 1.823131531530919943e-03 0.000000000000000000e+00
5.000000000000000240e-05 7.000000000000000000e+01 1.000000000000000000e+01 3.851030600021524732e-03 0.000000000000000000e+00
1.000000000000000082e-05 7.000000000000000000e+01 1.000000000000000000e+01 2.655058486400301357e-02 0.000000000000000000e+00
1.000000000000000021e-03 8.000000000000000000e+01 1.000000000000000000e+01 1.144496707528562811e-04 0.000000000000000000e+00
5.000000000000000104e-04 8.000000000000000000e+01 1.000000000000000000e+01 2.407946354601896621e-04 0.000000000000000000e+00
1.000000000000000048e-04 8.000000000000000000e+01 1.000000000000000000e+01 1.387251192578963996e-03 0.000000000000000000e+00
5.000000000000000240e-05 8.000000000000000000e+01 1.000000000000000000e+01 3.037608634311869758e-03 0.000000000000000000e+00
1.000000000000000082e-05 8.000000000000000000e+01 1.000000000000000000e+01 2.097691701170465231e-02 0.000000000000000000e+00
1.000000000000000021e-03 1.000000000000000000e+01 2.000000000000000000e+01 2.945022077047074985e-05 0.000000000000000000e+00
5.000000000000000104e-04 1.000000000000000000e+01 2.000000000000000000e+01 6.636170517117141200e-05 0.000000000000000000e+00
1.000000000000000048e-04 1.000000000000000000e+01 2.000000000000000000e+01 4.684338753817902544e-04 0.000000000000000000e+00
5.000000000000000240e-05 1.000000000000000000e+01 2.000000000000000000e+01 1.135163704652201620e-03 0.000000000000000000e+00
1.000000000000000082e-05 1.000000000000000000e+01 2.000000000000000000e+01 1.158876799434199571e-02 0.000000000000000000e+00
1.000000000000000021e-03 2.000000000000000000e+01 2.000000000000000000e+01 2.698227090144240551e-05 0.000000000000000000e+00
5.000000000000000104e-04 2.000000000000000000e+01 2.000000000000000000e+01 5.172989665150538966e-05 0.000000000000000000e+00
1.000000000000000048e-04 2.000000000000000000e+01 2.000000000000000000e+01 3.111544461732999216e-04 0.000000000000000000e+00
5.000000000000000240e-05 2.000000000000000000e+01 2.000000000000000000e+01 7.079780412128288888e-04 0.000000000000000000e+00
1.000000000000000082e-05 2.000000000000000000e+01 2.000000000000000000e+01 5.204071906599961120e-03 0.000000000000000000e+00
1.000000000000000021e-03 3.000000000000000000e+01 2.000000000000000000e+01 1.464386988415609101e-04 0.000000000000000000e+00
5.000000000000000104e-04 3.000000000000000000e+01 2.000000000000000000e+01 2.355449135623065261e-04 0.000000000000000000e+00
1.000000000000000048e-04 3.000000000000000000e+01 2.000000000000000000e+01 2.039062067713906436e-03 0.000000000000000000e+00
5.000000000000000240e-05 3.000000000000000000e+01 2.000000000000000000e+01 5.862659608581971375e-03 0.000000000000000000e+00
1.000000000000000082e-05 3.000000000000000000e+01 2.000000000000000000e+01 5.932674280392073035e-02 0.000000000000000000e+00
1.000000000000000021e-03 4.000000000000000000e+01 2.000000000000000000e+01 9.758066954879001146e-05 0.000000000000000000e+00
5.000000000000000104e-04 4.000000000000000000e+01 2.000000000000000000e+01 2.081919507852678856e-04 0.000000000000000000e+00
1.000000000000000048e-04 4.000000000000000000e+01 2.000000000000000000e+01 1.271675799894285679e-03 0.000000000000000000e+00
5.000000000000000240e-05 4.000000000000000000e+01 2.000000000000000000e+01 2.838998286527436021e-03 0.000000000000000000e+00
1.000000000000000082e-05 4.000000000000000000e+01 2.000000000000000000e+01 2.047715532104758818e-02 0.000000000000000000e+00
1.000000000000000021e-03 5.000000000000000000e+01 2.000000000000000000e+01 1.563021631543461078e-04 0.000000000000000000e+00
5.000000000000000104e-04 5.000000000000000000e+01 2.000000000000000000e+01 3.541276486536938336e-04 0.000000000000000000e+00
1.000000000000000048e-04 5.000000000000000000e+01 2.000000000000000000e+01 2.586446103652378838e-03 0.000000000000000000e+00
5.000000000000000240e-05 5.000000000000000000e+01 2.000000000000000000e+01 6.517464360305564620e-03 0.000000000000000000e+00
1.000000000000000082e-05 5.000000000000000000e+01 2.000000000000000000e+01 7.825906028103607470e-02 0.000000000000000000e+00
1.000000000000000021e-03 6.000000000000000000e+01 2.000000000000000000e+01 1.295008205146180587e-04 0.000000000000000000e+00
5.000000000000000104e-04 6.000000000000000000e+01 2.000000000000000000e+01 2.815296207053308644e-04 0.000000000000000000e+00
1.000000000000000048e-04 6.000000000000000000e+01 2.000000000000000000e+01 1.736782365057078182e-03 0.000000000000000000e+00
5.000000000000000240e-05 6.000000000000000000e+01 2.000000000000000000e+01 3.904111508775223380e-03 0.000000000000000000e+00
1.000000000000000082e-05 6.000000000000000000e+01 2.000000000000000000e+01 3.126922860005011684e-02 0.000000000000000000e+00
1.000000000000000021e-03 7.000000000000000000e+01 2.000000000000000000e+01 1.045486756064828297e-04 0.000000000000000000e+00
5.000000000000000104e-04 7.000000000000000000e+01 2.000000000000000000e+01 2.260938562271869352e-04 0.000000000000000000e+00
1.000000000000000048e-04 7.000000000000000000e+01 2.000000000000000000e+01 1.431810317756592463e-03 0.000000000000000000e+00
5.000000000000000240e-05 7.000000000000000000e+01 2.000000000000000000e+01 3.270183849773713926e-03 0.000000000000000000e+00
1.000000000000000082e-05 7.000000000000000000e+01 2.000000000000000000e+01 2.687890773517006074e-02 0.000000000000000000e+00
1.000000000000000021e-03 8.000000000000000000e+01 2.000000000000000000e+01 1.678973068088868582e-04 0.000000000000000000e+00
5.000000000000000104e-04 8.000000000000000000e+01 2.000000000000000000e+01 3.577252996505815097e-04 0.000000000000000000e+00
1.000000000000000048e-04 8.000000000000000000e+01 2.000000000000000000e+01 2.443048834936847706e-03 0.000000000000000000e+00
5.000000000000000240e-05 8.000000000000000000e+01 2.000000000000000000e+01 5.953555135265986911e-03 0.000000000000000000e+00
1.000000000000000082e-05 8.000000000000000000e+01 2.000000000000000000e+01 5.275462113981697898e-02 0.000000000000000000e+00
1.000000000000000021e-03 1.000000000000000000e+01 3.000000000000000000e+01 5.175956203876286462e-05 0.000000000000000000e+00
5.000000000000000104e-04 1.000000000000000000e+01 3.000000000000000000e+01 1.081668698705370998e-04 0.000000000000000000e+00
1.000000000000000048e-04 1.000000000000000000e+01 3.000000000000000000e+01 5.952979156689077248e-04 0.000000000000000000e+00
5.000000000000000240e-05 1.000000000000000000e+01 3.000000000000000000e+01 1.338560180572606487e-03 0.000000000000000000e+00
1.000000000000000082e-05 1.000000000000000000e+01 3.000000000000000000e+01 9.868681446344739622e-03 0.000000000000000000e+00
1.000000000000000021e-03 2.000000000000000000e+01 3.000000000000000000e+01 2.561499494766236024e-05 0.000000000000000000e+00
5.000000000000000104e-04 2.000000000000000000e+01 3.000000000000000000e+01 5.811545978572110841e-05 0.000000000000000000e+00
1.000000000000000048e-04 2.000000000000000000e+01 3.000000000000000000e+01 3.256435056557227233e-04 0.000000000000000000e+00
5.000000000000000240e-05 2.000000000000000000e+01 3.000000000000000000e+01 7.113790109167712240e-04 0.000000000000000000e+00
1.000000000000000082e-05 2.000000000000000000e+01 3.000000000000000000e+01 4.723498060281715837e-03 0.000000000000000000e+00
1.000000000000000021e-03 3.000000000000000000e+01 3.000000000000000000e+01 1.283292831681429567e-04 0.000000000000000000e+00
5.000000000000000104e-04 3.000000000000000000e+01 3.000000000000000000e+01 2.762898492144506965e-04 0.000000000000000000e+00
1.000000000000000048e-04 3.000000000000000000e+01 3.000000000000000000e+01 1.729292831873557564e-03 0.000000000000000000e+00
5.000000000000000240e-05 3.000000000000000000e+01 3.000000000000000000e+01 4.014497513427243112e-03 0.000000000000000000e+00
1.000000000000000082e-05 3.000000000000000000e+01 3.000000000000000000e+01 4.090994876072341635e-02 0.000000000000000000e+00
1.000000000000000021e-03 4.000000000000000000e+01 3.000000000000000000e+01 1.320452306504055814e-04 0.000000000000000000e+00
5.000000000000000104e-04 4.000000000000000000e+01 3.000000000000000000e+01 2.863984688615855609e-04 0.000000000000000000e+00
1.000000000000000048e-04 4.000000000000000000e+01 3.000000000000000000e+01 1.884544993581824604e-03 0.000000000000000000e+00
5.000000000000000240e-05 4.000000000000000000e+01 3.000000000000000000e+01 4.463844009052260475e-03 0.000000000000000000e+00
1.000000000000000082e-05 4.000000000000000000e+01 3.000000000000000000e+01 4.245102391531423852e-02 0.000000000000000000e+00
1.000000000000000021e-03 5.000000000000000000e+01 3.000000000000000000e+01 9.987100569608435780e-05 0.000000000000000000e+00
5.000000000000000104e-04 5.000000000000000000e+01 3.000000000000000000e+01 2.163718850486246446e-04 0.000000000000000000e+00
1.000000000000000048e-04 5.000000000000000000e+01 3.000000000000000000e+01 1.408569440674201914e-03 0.000000000000000000e+00
5.000000000000000240e-05 5.000000000000000000e+01 3.000000000000000000e+01 3.219019450684373115e-03 0.000000000000000000e+00
1.000000000000000082e-05 5.000000000000000000e+01 3.000000000000000000e+01 2.741373269929719622e-02 0.000000000000000000e+00
1.000000000000000021e-03 6.000000000000000000e+01 3.000000000000000000e+01 8.776204854633691738e-05 0.000000000000000000e+00
5.000000000000000104e-04 6.000000000000000000e+01 3.000000000000000000e+01 1.871383246158141514e-04 0.000000000000000000e+00
1.000000000000000048e-04 6.000000000000000000e+01 3.000000000000000000e+01 1.120220009535855292e-03 0.000000000000000000e+00
5.000000000000000240e-05 6.000000000000000000e+01 3.000000000000000000e+01 2.471398108379368932e-03 0.000000000000000000e+00
1.000000000000000082e-05 6.000000000000000000e+01 3.000000000000000000e+01 1.855440330389096851e-02 0.000000000000000000e+00
1.000000000000000021e-03 7.000000000000000000e+01 3.000000000000000000e+01 9.513049449785984755e-05 0.000000000000000000e+00
5.000000000000000104e-04 7.000000000000000000e+01 3.000000000000000000e+01 2.048669438278035370e-04 0.000000000000000000e+00
1.000000000000000048e-04 7.000000000000000000e+01 3.000000000000000000e+01 1.294720336027528791e-03 0.000000000000000000e+00
5.000000000000000240e-05 7.000000000000000000e+01 3.000000000000000000e+01 2.988749128936986701e-03 0.000000000000000000e+00
1.000000000000000082e-05 7.000000000000000000e+01 3.000000000000000000e+01 2.539005415860956169e-02 0.000000000000000000e+00
1.000000000000000021e-03 8.000000000000000000e+01 3.000000000000000000e+01 1.255224041113926325e-04 0.000000000000000000e+00
5.000000000000000104e-04 8.000000000000000000e+01 3.000000000000000000e+01 2.774461202657485721e-04 0.000000000000000000e+00
1.000000000000000048e-04 8.000000000000000000e+01 3.000000000000000000e+01 1.820109257870243264e-03 0.000000000000000000e+00
5.000000000000000240e-05 8.000000000000000000e+01 3.000000000000000000e+01 4.229789724990798590e-03 0.000000000000000000e+00
1.000000000000000082e-05 8.000000000000000000e+01 3.000000000000000000e+01 3.735750083513941777e-02 0.000000000000000000e+00
1.000000000000000021e-03 1.000000000000000000e+01 4.000000000000000000e+01 4.269335504990454913e-05 0.000000000000000000e+00
5.000000000000000104e-04 1.000000000000000000e+01 4.000000000000000000e+01 9.239686131771495997e-05 0.000000000000000000e+00
1.000000000000000048e-04 1.000000000000000000e+01 4.000000000000000000e+01 5.843314270426788878e-04 0.000000000000000000e+00
5.000000000000000240e-05 1.000000000000000000e+01 4.000000000000000000e+01 1.277050818518696892e-03 0.000000000000000000e+00
1.000000000000000082e-05 1.000000000000000000e+01 4.000000000000000000e+01 9.473887663492584071e-03 0.000000000000000000e+00
1.000000000000000021e-03 2.000000000000000000e+01 4.000000000000000000e+01 3.064377610863198287e-05 0.000000000000000000e+00
5.000000000000000104e-04 2.000000000000000000e+01 4.000000000000000000e+01 6.632816544172633749e-05 0.000000000000000000e+00
1.000000000000000048e-04 2.000000000000000000e+01 4.000000000000000000e+01 4.647865234149138060e-04 0.000000000000000000e+00
5.000000000000000240e-05 2.000000000000000000e+01 4.000000000000000000e+01 1.000688010798216282e-03 0.000000000000000000e+00
1.000000000000000082e-05 2.000000000000000000e+01 4.000000000000000000e+01 6.871995503868017288e-03 0.000000000000000000e+00
1.000000000000000021e-03 3.000000000000000000e+01 4.000000000000000000e+01 1.452805161040811755e-04 0.000000000000000000e+00
5.000000000000000104e-04 3.000000000000000000e+01 4.000000000000000000e+01 3.071631211418934999e-04 0.000000000000000000e+00
1.000000000000000048e-04 3.000000000000000000e+01 4.000000000000000000e+01 1.854582355571285975e-03 0.000000000000000000e+00
5.000000000000000240e-05 3.000000000000000000e+01 4.000000000000000000e+01 4.128741357321444143e-03 0.000000000000000000e+00
1.000000000000000082e-05 3.000000000000000000e+01 4.000000000000000000e+01 3.699590044564048108e-02 0.000000000000000000e+00
1.000000000000000021e-03 4.000000000000000000e+01 4.000000000000000000e+01 9.044749639467129516e-05 0.000000000000000000e+00
5.000000000000000104e-04 4.000000000000000000e+01 4.000000000000000000e+01 1.914172126576292046e-04 0.000000000000000000e+00
1.000000000000000048e-04 4.000000000000000000e+01 4.000000000000000000e+01 1.130999655064278148e-03 0.000000000000000000e+00
5.000000000000000240e-05 4.000000000000000000e+01 4.000000000000000000e+01 2.526566105038263298e-03 0.000000000000000000e+00
1.000000000000000082e-05 4.000000000000000000e+01 4.000000000000000000e+01 2.166356499860644380e-02 0.000000000000000000e+00
1.000000000000000021e-03 5.000000000000000000e+01 4.000000000000000000e+01 1.076437097829394536e-04 0.000000000000000000e+00
5.000000000000000104e-04 5.000000000000000000e+01 4.000000000000000000e+01 2.329315941331516087e-04 0.000000000000000000e+00
1.000000000000000048e-04 5.000000000000000000e+01 4.000000000000000000e+01 1.477179684335338953e-03 0.000000000000000000e+00
5.000000000000000240e-05 5.000000000000000000e+01 4.000000000000000000e+01 3.383051102324373133e-03 0.000000000000000000e+00
1.000000000000000082e-05 5.000000000000000000e+01 4.000000000000000000e+01 3.026019356980983940e-02 0.000000000000000000e+00
1.000000000000000021e-03 6.000000000000000000e+01 4.000000000000000000e+01 8.943993563910606378e-05 0.000000000000000000e+00
5.000000000000000104e-04 6.000000000000000000e+01 4.000000000000000000e+01 1.915661601367661269e-04 0.000000000000000000e+00
1.000000000000000048e-04 6.000000000000000000e+01 4.000000000000000000e+01 1.185093215062300994e-03 0.000000000000000000e+00
5.000000000000000240e-05 6.000000000000000000e+01 4.000000000000000000e+01 2.681155045027508368e-03 0.000000000000000000e+00
1.000000000000000082e-05 6.000000000000000000e+01 4.000000000000000000e+01 2.240945527156519221e-02 0.000000000000000000e+00
1.000000000000000021e-03 7.000000000000000000e+01 4.000000000000000000e+01 1.023472308942691188e-04 0.000000000000000000e+00
5.000000000000000104e-04 7.000000000000000000e+01 4.000000000000000000e+01 2.210309659125025321e-04 0.000000000000000000e+00
1.000000000000000048e-04 7.000000000000000000e+01 4.000000000000000000e+01 1.388672669818238935e-03 0.000000000000000000e+00
5.000000000000000240e-05 7.000000000000000000e+01 4.000000000000000000e+01 3.191245925571578254e-03 0.000000000000000000e+00
1.000000000000000082e-05 7.000000000000000000e+01 4.000000000000000000e+01 2.801755484307721575e-02 0.000000000000000000e+00
1.000000000000000021e-03 8.000000000000000000e+01 4.000000000000000000e+01 8.897233774930308179e-05 0.000000000000000000e+00
5.000000000000000104e-04 8.000000000000000000e+01 4.000000000000000000e+01 1.915475671303611745e-04 0.000000000000000000e+00
1.000000000000000048e-04 8.000000000000000000e+01 4.000000000000000000e+01 1.082557887351120150e-03 0.000000000000000000e+00
5.000000000000000240e-05 8.000000000000000000e+01 4.000000000000000000e+01 2.573814985142224097e-03 0.000000000000000000e+00
1.000000000000000082e-05 8.000000000000000000e+01 4.000000000000000000e+01 2.088258803807727104e-02 0.000000000000000000e+00
1.000000000000000021e-03 1.000000000000000000e+01 5.000000000000000000e+01 3.550163596962038835e-05 0.000000000000000000e+00
5.000000000000000104e-04 1.000000000000000000e+01 5.000000000000000000e+01 7.567122383962036989e-05 0.000000000000000000e+00
1.000000000000000048e-04 1.000000000000000000e+01 5.000000000000000000e+01 4.514857626720190768e-04 0.000000000000000000e+00
5.000000000000000240e-05 1.000000000000000000e+01 5.000000000000000000e+01 9.919763451242727924e-04 0.000000000000000000e+00
1.000000000000000082e-05 1.000000000000000000e+01 5.000000000000000000e+01 6.744584047527996812e-03 0.000000000000000000e+00
1.000000000000000021e-03 2.000000000000000000e+01 5.000000000000000000e+01 2.193308037552051760e-05 0.000000000000000000e+00
5.000000000000000104e-04 2.000000000000000000e+01 5.000000000000000000e+01 4.646485671776853928e-05 0.000000000000000000e+00
1.000000000000000048e-04 2.000000000000000000e+01 5.000000000000000000e+01 2.743912178722721670e-04 0.000000000000000000e+00
5.000000000000000240e-05 2.000000000000000000e+01 5.000000000000000000e+01 6.023872437865876147e-04 0.000000000000000000e+00
1.000000000000000082e-05 2.000000000000000000e+01 5.000000000000000000e+01 4.200055200851565695e-03 0.000000000000000000e+00
1.000000000000000021e-03 3.000000000000000000e+01 5.000000000000000000e+01 9.750011156308489965e-05 0.000000000000000000e+00
5.000000000000000104e-04 3.000000000000000000e+01 5.000000000000000000e+01 2.091324318425850503e-04 0.000000000000000000e+00
1.000000000000000048e-04 3.000000000000000000e+01 5.000000000000000000e+01 1.289195384915727254e-03 0.000000000000000000e+00
5.000000000000000240e-05 3.000000000000000000e+01 5.000000000000000000e+01 3.010120924055100476e-03 0.000000000000000000e+00
1.000000000000000082e-05 3.000000000000000000e+01 5.000000000000000000e+01 2.566158313834775856e-02 0.000000000000000000e+00
1.000000000000000021e-03 4.000000000000000000e+01 5.000000000000000000e+01 1.036930141372052934e-04 0.000000000000000000e+00
5.000000000000000104e-04 4.000000000000000000e+01 5.000000000000000000e+01 2.266643597431875878e-04 0.000000000000000000e+00
1.000000000000000048e-04 4.000000000000000000e+01 5.000000000000000000e+01 1.409181308239242092e-03 0.000000000000000000e+00
5.000000000000000240e-05 4.000000000000000000e+01 5.000000000000000000e+01 3.087501825700765881e-03 0.000000000000000000e+00
1.000000000000000082e-05 4.000000000000000000e+01 5.000000000000000000e+01 2.764148428099640412e-02 0.000000000000000000e+00
1.000000000000000021e-03 5.000000000000000000e+01 5.000000000000000000e+01 1.180449499939940575e-04 0.000000000000000000e+00
5.000000000000000104e-04 5.000000000000000000e+01 5.000000000000000000e+01 2.541978252440032387e-04 0.000000000000000000e+00
1.000000000000000048e-04 5.000000000000000000e+01 5.000000000000000000e+01 1.619838964846031593e-03 0.000000000000000000e+00
5.000000000000000240e-05 5.000000000000000000e+01 5.000000000000000000e+01 3.790774200039924522e-03 0.000000000000000000e+00
1.000000000000000082e-05 5.000000000000000000e+01 5.000000000000000000e+01 3.610827022637909389e-02 0.000000000000000000e+00
1.000000000000000021e-03 6.000000000000000000e+01 5.000000000000000000e+01 6.436698028736091552e-05 0.000000000000000000e+00
5.000000000000000104e-04 6.000000000000000000e+01 5.000000000000000000e+01 1.372691394656711656e-04 0.000000000000000000e+00
1.000000000000000048e-04 6.000000000000000000e+01 5.000000000000000000e+01 8.392664208790320086e-04 0.000000000000000000e+00
5.000000000000000240e-05 6.000000000000000000e+01 5.000000000000000000e+01 1.899950322239647368e-03 0.000000000000000000e+00
1.000000000000000082e-05 6.000000000000000000e+01 5.000000000000000000e+01 1.509154171642264168e-02 0.000000000000000000e+00
1.000000000000000021e-03 7.000000000000000000e+01 5.000000000000000000e+01 9.205986105259776034e-05 0.000000000000000000e+00
5.000000000000000104e-04 7.000000000000000000e+01 5.000000000000000000e+01 1.918989360385859406e-04 0.000000000000000000e+00
1.000000000000000048e-04 7.000000000000000000e+01 5.000000000000000000e+01 1.150727562912660972e-03 0.000000000000000000e+00
5.000000000000000240e-05 7.000000000000000000e+01 5.000000000000000000e+01 2.469846615776252838e-03 0.000000000000000000e+00
1.000000000000000082e-05 7.000000000000000000e+01 5.000000000000000000e+01 2.534645893811496992e-02 0.000000000000000000e+00
1.000000000000000021e-03 8.000000000000000000e+01 5.000000000000000000e+01 9.964361041889824321e-05 0.000000000000000000e+00
5.000000000000000104e-04 8.000000000000000000e+01 5.000000000000000000e+01 2.133800886699742697e-04 0.000000000000000000e+00
1.000000000000000048e-04 8.000000000000000000e+01 5.000000000000000000e+01 1.342570877046628209e-03 0.000000000000000000e+00
5.000000000000000240e-05 8.000000000000000000e+01 5.000000000000000000e+01 3.086832708410709291e-03 0.000000000000000000e+00
1.000000000000000082e-05 8.000000000000000000e+01 5.000000000000000000e+01 2.866020446758272069e-02 0.000000000000000000e+00
1.000000000000000021e-03 1.000000000000000000e+01 6.000000000000000000e+01 3.492041865180577933e-05 0.000000000000000000e+00
5.000000000000000104e-04 1.000000000000000000e+01 6.000000000000000000e+01 7.425276394849244469e-05 0.000000000000000000e+00
1.000000000000000048e-04 1.000000000000000000e+01 6.000000000000000000e+01 4.341153281407451534e-04 0.000000000000000000e+00
5.000000000000000240e-05 1.000000000000000000e+01 6.000000000000000000e+01 9.425377747903961392e-04 0.000000000000000000e+00
1.000000000000000082e-05 1.000000000000000000e+01 6.000000000000000000e+01 6.135076742941574304e-03 0.000000000000000000e+00
1.000000000000000021e-03 2.000000000000000000e+01 6.000000000000000000e+01 2.238445124268105313e-05 0.000000000000000000e+00
5.000000000000000104e-04 2.000000000000000000e+01 6.000000000000000000e+01 4.714359271251895698e-05 0.000000000000000000e+00
1.000000000000000048e-04 2.000000000000000000e+01 6.000000000000000000e+01 2.741509819946791717e-04 0.000000000000000000e+00
5.000000000000000240e-05 2.000000000000000000e+01 6.000000000000000000e+01 5.932573115815556160e-04 0.000000000000000000e+00
1.000000000000000082e-05 2.000000000000000000e+01 6.000000000000000000e+01 3.765753323094743390e-03 0.000000000000000000e+00
1.000000000000000021e-03 3.000000000000000000e+01 6.000000000000000000e+01 1.063154857002565721e-04 0.000000000000000000e+00
5.000000000000000104e-04 3.000000000000000000e+01 6.000000000000000000e+01 2.275640791478440999e-04 0.000000000000000000e+00
1.000000000000000048e-04 3.000000000000000000e+01 6.000000000000000000e+01 1.411395760974600141e-03 0.000000000000000000e+00
5.000000000000000240e-05 3.000000000000000000e+01 6.000000000000000000e+01 3.206391864126639877e-03 0.000000000000000000e+00
1.000000000000000082e-05 3.000000000000000000e+01 6.000000000000000000e+01 2.794369958056376266e-02 0.000000000000000000e+00
1.000000000000000021e-03 4.000000000000000000e+01 6.000000000000000000e+01 6.914893538470282225e-05 0.000000000000000000e+00
5.000000000000000104e-04 4.000000000000000000e+01 6.000000000000000000e+01 1.486340244022828748e-04 0.000000000000000000e+00
1.000000000000000048e-04 4.000000000000000000e+01 6.000000000000000000e+01 8.834255485474504840e-04 0.000000000000000000e+00
5.000000000000000240e-05 4.000000000000000000e+01 6.000000000000000000e+01 1.979780781289667071e-03 0.000000000000000000e+00
1.000000000000000082e-05 4.000000000000000000e+01 6.000000000000000000e+01 1.587245041542693219e-02 0.000000000000000000e+00
1.000000000000000021e-03 5.000000000000000000e+01 6.000000000000000000e+01 8.061873096244022733e-05 0.000000000000000000e+00
5.000000000000000104e-04 5.000000000000000000e+01 6.000000000000000000e+01 1.726481078488993983e-04 0.000000000000000000e+00
1.000000000000000048e-04 5.000000000000000000e+01 6.000000000000000000e+01 1.062319104686759849e-03 0.000000000000000000e+00
5.000000000000000240e-05 5.000000000000000000e+01 6.000000000000000000e+01 2.406141033848053362e-03 0.000000000000000000e+00
1.000000000000000082e-05 5.000000000000000000e+01 6.000000000000000000e+01 1.957342485208709432e-02 0.000000000000000000e+00
1.000000000000000021e-03 6.000000000000000000e+01 6.000000000000000000e+01 7.270210401060660146e-05 0.000000000000000000e+00
5.000000000000000104e-04 6.000000000000000000e+01 6.000000000000000000e+01 1.556586387880244898e-04 0.000000000000000000e+00
1.000000000000000048e-04 6.000000000000000000e+01 6.000000000000000000e+01 9.581339709501068922e-04 0.000000000000000000e+00
5.000000000000000240e-05 6.000000000000000000e+01 6.000000000000000000e+01 1.992381248798502733e-03 0.000000000000000000e+00
1.000000000000000082e-05 6.000000000000000000e+01 6.000000000000000000e+01 1.783637957997617068e-02 0.000000000000000000e+00
1.000000000000000021e-03 7.000000000000000000e+01 6.000000000000000000e+01 9.662872898340103887e-05 0.000000000000000000e+00
5.000000000000000104e-04 7.000000000000000000e+01 6.000000000000000000e+01 2.102190809701926151e-04 0.000000000000000000e+00
1.000000000000000048e-04 7.000000000000000000e+01 6.000000000000000000e+01 1.305714198319145097e-03 0.000000000000000000e+00
5.000000000000000240e-05 7.000000000000000000e+01 6.000000000000000000e+01 3.015566165081484847e-03 0.000000000000000000e+00
1.000000000000000082e-05 7.000000000000000000e+01 6.000000000000000000e+01 2.652644040257668909e-02 0.000000000000000000e+00
1.000000000000000021e-03 8.000000000000000000e+01 6.000000000000000000e+01 9.364919135338039039e-05 0.000000000000000000e+00
5.000000000000000104e-04 8.000000000000000000e+01 6.000000000000000000e+01 2.002494120661107795e-04 0.000000000000000000e+00
1.000000000000000048e-04 8.000000000000000000e+01 6.000000000000000000e+01 1.251875999401484045e-03 0.000000000000000000e+00
5.000000000000000240e-05 8.000000000000000000e+01 6.000000000000000000e+01 2.860272530134988500e-03 0.000000000000000000e+00
1.000000000000000082e-05 8.000000000000000000e+01 6.000000000000000000e+01 2.596412316483124108e-02 0.000000000000000000e+00
1.000000000000000021e-03 1.000000000000000000e+01 7.000000000000000000e+01 4.800909427940537567e-05 0.000000000000000000e+00
5.000000000000000104e-04 1.000000000000000000e+01 7.000000000000000000e+01 9.972116337295793291e-05 0.000000000000000000e+00
1.000000000000000048e-04 1.000000000000000000e+01 7.000000000000000000e+01 5.748513343564483737e-04 0.000000000000000000e+00
5.000000000000000240e-05 1.000000000000000000e+01 7.000000000000000000e+01 1.242689463539602916e-03 0.000000000000000000e+00
1.000000000000000082e-05 1.000000000000000000e+01 7.000000000000000000e+01 8.206664127242118550e-03 0.000000000000000000e+00
1.000000000000000021e-03 2.000000000000000000e+01 7.000000000000000000e+01 2.749184958264115440e-05 0.000000000000000000e+00
5.000000000000000104e-04 2.000000000000000000e+01 7.000000000000000000e+01 5.860503047726892107e-05 0.000000000000000000e+00
1.000000000000000048e-04 2.000000000000000000e+01 7.000000000000000000e+01 3.446670724642579000e-04 0.000000000000000000e+00
5.000000000000000240e-05 2.000000000000000000e+01 7.000000000000000000e+01 7.495736346438270888e-04 0.000000000000000000e+00
1.000000000000000082e-05 2.000000000000000000e+01 7.000000000000000000e+01 4.958853136365955899e-03 0.000000000000000000e+00
1.000000000000000021e-03 3.000000000000000000e+01 7.000000000000000000e+01 1.382778211748142546e-04 0.000000000000000000e+00
5.000000000000000104e-04 3.000000000000000000e+01 7.000000000000000000e+01 2.969002303366562222e-04 0.000000000000000000e+00
1.000000000000000048e-04 3.000000000000000000e+01 7.000000000000000000e+01 1.867807739274668583e-03 0.000000000000000000e+00
5.000000000000000240e-05 3.000000000000000000e+01 7.000000000000000000e+01 4.338169635194018270e-03 0.000000000000000000e+00
1.000000000000000082e-05 3.000000000000000000e+01 7.000000000000000000e+01 4.006381058090453806e-02 0.000000000000000000e+00
1.000000000000000021e-03 4.000000000000000000e+01 7.000000000000000000e+01 9.521467432385760318e-05 0.000000000000000000e+00
5.000000000000000104e-04 4.000000000000000000e+01 7.000000000000000000e+01 2.041201221679903683e-04 0.000000000000000000e+00
1.000000000000000048e-04 4.000000000000000000e+01 7.000000000000000000e+01 1.227877667999574974e-03 0.000000000000000000e+00
5.000000000000000240e-05 4.000000000000000000e+01 7.000000000000000000e+01 2.859257291829084800e-03 0.000000000000000000e+00
1.000000000000000082e-05 4.000000000000000000e+01 7.000000000000000000e+01 2.507390219485779864e-02 0.000000000000000000e+00
1.000000000000000021e-03 5.000000000000000000e+01 7.000000000000000000e+01 1.076106412053912272e-04 0.000000000000000000e+00
5.000000000000000104e-04 5.000000000000000000e+01 7.000000000000000000e+01 2.281065003710207415e-04 0.000000000000000000e+00
1.000000000000000048e-04 5.000000000000000000e+01 7.000000000000000000e+01 1.426296544787488199e-03 0.000000000000000000e+00
5.000000000000000240e-05 5.000000000000000000e+01 7.000000000000000000e+01 3.248751620633937281e-03 0.000000000000000000e+00
1.000000000000000082e-05 5.000000000000000000e+01 7.000000000000000000e+01 2.416404769342845454e-02 0.000000000000000000e+00
1.000000000000000021e-03 6.000000000000000000e+01 7.000000000000000000e+01 1.105138048888057423e-04 0.000000000000000000e+00
5.000000000000000104e-04 6.000000000000000000e+01 7.000000000000000000e+01 2.350847123749050921e-04 0.000000000000000000e+00
1.000000000000000048e-04 6.000000000000000000e+01 7.000000000000000000e+01 1.489322388406467967e-03 0.000000000000000000e+00
5.000000000000000240e-05 6.000000000000000000e+01 7.000000000000000000e+01 3.475495185010593104e-03 0.000000000000000000e+00
1.000000000000000082e-05 6.000000000000000000e+01 7.000000000000000000e+01 3.271435232746169181e-02 0.000000000000000000e+00
1.000000000000000021e-03 7.000000000000000000e+01 7.000000000000000000e+01 9.485009887352869652e-05 0.000000000000000000e+00
5.000000000000000104e-04 7.000000000000000000e+01 7.000000000000000000e+01 2.039508938499557192e-04 0.000000000000000000e+00
1.000000000000000048e-04 7.000000000000000000e+01 7.000000000000000000e+01 1.258043170990736899e-03 0.000000000000000000e+00
5.000000000000000240e-05 7.000000000000000000e+01 7.000000000000000000e+01 2.890853339773039651e-03 0.000000000000000000e+00
1.000000000000000082e-05 7.000000000000000000e+01 7.000000000000000000e+01 2.573953041154436461e-02 0.000000000000000000e+00
1.000000000000000021e-03 8.000000000000000000e+01 7.000000000000000000e+01 8.558249080972750401e-05 0.000000000000000000e+00
5.000000000000000104e-04 8.000000000000000000e+01 7.000000000000000000e+01 1.852726890347730561e-04 0.000000000000000000e+00
1.000000000000000048e-04 8.000000000000000000e+01 7.000000000000000000e+01 1.147863657901403329e-03 0.000000000000000000e+00
5.000000000000000240e-05 8.000000000000000000e+01 7.000000000000000000e+01 2.606656304121482502e-03 0.000000000000000000e+00
1.000000000000000082e-05 8.000000000000000000e+01 7.000000000000000000e+01 2.356313415542211909e-02 0.000000000000000000e+00
1.000000000000000021e-03 1.000000000000000000e+01 8.000000000000000000e+01 4.803537198821718993e-05 0.000000000000000000e+00
5.000000000000000104e-04 1.000000000000000000e+01 8.000000000000000000e+01 1.014571157973312519e-04 0.000000000000000000e+00
1.000000000000000048e-04 1.000000000000000000e+01 8.000000000000000000e+01 5.714266360187475295e-04 0.000000000000000000e+00
5.000000000000000240e-05 1.000000000000000000e+01 8.000000000000000000e+01 1.225286810080599732e-03 0.000000000000000000e+00
1.000000000000000082e-05 1.000000000000000000e+01 8.000000000000000000e+01 7.620774022795095970e-03 0.000000000000000000e+00
1.000000000000000021e-03 2.000000000000000000e+01 8.000000000000000000e+01 2.603296652730934644e-05 0.000000000000000000e+00
5.000000000000000104e-04 2.000000000000000000e+01 8.000000000000000000e+01 5.488545006843677048e-05 0.000000000000000000e+00
1.000000000000000048e-04 2.000000000000000000e+01 8.000000000000000000e+01 3.168995533706165171e-04 0.000000000000000000e+00
5.000000000000000240e-05 2.000000000000000000e+01 8.000000000000000000e+01 6.931539097915048915e-04 0.000000000000000000e+00
1.000000000000000082e-05 2.000000000000000000e+01 8.000000000000000000e+01 4.654802549111532704e-03 0.000000000000000000e+00
1.000000000000000021e-03 3.000000000000000000e+01 8.000000000000000000e+01 1.144268801004848728e-04 0.000000000000000000e+00
5.000000000000000104e-04 3.000000000000000000e+01 8.000000000000000000e+01 2.452136257100169330e-04 0.000000000000000000e+00
1.000000000000000048e-04 3.000000000000000000e+01 8.000000000000000000e+01 1.530928773587959943e-03 0.000000000000000000e+00
5.000000000000000240e-05 3.000000000000000000e+01 8.000000000000000000e+01 3.538757526368942804e-03 0.000000000000000000e+00
1.000000000000000082e-05 3.000000000000000000e+01 8.000000000000000000e+01 3.267597513112194957e-02 0.000000000000000000e+00
1.000000000000000021e-03 4.000000000000000000e+01 8.000000000000000000e+01 6.961021172655414179e-05 0.000000000000000000e+00
5.000000000000000104e-04 4.000000000000000000e+01 8.000000000000000000e+01 1.407333206447746842e-04 0.000000000000000000e+00
1.000000000000000048e-04 4.000000000000000000e+01 8.000000000000000000e+01 8.329730982348351786e-04 0.000000000000000000e+00
5.000000000000000240e-05 4.000000000000000000e+01 8.000000000000000000e+01 1.882455590229757322e-03 0.000000000000000000e+00
1.000000000000000082e-05 4.000000000000000000e+01 8.000000000000000000e+01 1.260400126067659672e-02 0.000000000000000000e+00
1.000000000000000021e-03 5.000000000000000000e+01 8.000000000000000000e+01 1.040745488454389794e-04 0.000000000000000000e+00
5.000000000000000104e-04 5.000000000000000000e+01 8.000000000000000000e+01 2.239122835220742739e-04 0.000000000000000000e+00
1.000000000000000048e-04 5.000000000000000000e+01 8.000000000000000000e+01 1.418160331876161008e-03 0.000000000000000000e+00
5.000000000000000240e-05 5.000000000000000000e+01 8.000000000000000000e+01 3.299268164831046547e-03 0.000000000000000000e+00
1.000000000000000082e-05 5.000000000000000000e+01 8.000000000000000000e+01 3.096835595670751826e-02 0.000000000000000000e+00
1.000000000000000021e-03 6.000000000000000000e+01 8.000000000000000000e+01 8.874700073692757749e-05 0.000000000000000000e+00
5.000000000000000104e-04 6.000000000000000000e+01 8.000000000000000000e+01 1.896638735645033845e-04 0.000000000000000000e+00
1.000000000000000048e-04 6.000000000000000000e+01 8.000000000000000000e+01 1.154487673127913699e-03 0.000000000000000000e+00
5.000000000000000240e-05 6.000000000000000000e+01 8.000000000000000000e+01 2.568464393806020249e-03 0.000000000000000000e+00
1.000000000000000082e-05 6.000000000000000000e+01 8.000000000000000000e+01 2.097182180572154317e-02 0.000000000000000000e+00
1.000000000000000021e-03 7.000000000000000000e+01 8.000000000000000000e+01 1.057734880396155345e-04 0.000000000000000000e+00
5.000000000000000104e-04 7.000000000000000000e+01 8.000000000000000000e+01 2.273955152661582733e-04 0.000000000000000000e+00
1.000000000000000048e-04 7.000000000000000000e+01 8.000000000000000000e+01 1.443610579746034068e-03 0.000000000000000000e+00
5.000000000000000240e-05 7.000000000000000000e+01 8.000000000000000000e+01 3.369006027069978548e-03 0.000000000000000000e+00
1.000000000000000082e-05 7.000000000000000000e+01 8.000000000000000000e+01 3.201840965950780715e-02 0.000000000000000000e+00
1.000000000000000021e-03 8.000000000000000000e+01 8.000000000000000000e+01 9.282819832758143518e-05 0.000000000000000000e+00
5.000000000000000104e-04 8.000000000000000000e+01 8.000000000000000000e+01 2.001976364364003200e-04 0.000000000000000000e+00
1.000000000000000048e-04 8.000000000000000000e+01 8.000000000000000000e+01 1.253604653107482769e-03 0.000000000000000000e+00
5.000000000000000240e-05 8.000000000000000000e+01 8.000000000000000000e+01 2.847338324346511927e-03 0.000000000000000000e+00
1.000000000000000082e-05 8.000000000000000000e+01 8.000000000000000000e+01 2.507808111446167831e-02 0.000000000000000000e+00
