0.000000000000000000e+00 5.000000000000000278e-02 1.000000000000000000e+00 2.630000000000000000e+02 3.010000000000000000e+02 9.183660035835006591e-06 0.000000000000000000e+00
1.000000000000000000e+00 5.000000000000000278e-02 1.000000000000000000e+00 2.640000000000000000e+02 3.010000000000000000e+02 4.105095874909456682e-06 0.000000000000000000e+00
2.000000000000000000e+00 5.000000000000000278e-02 1.000000000000000000e+00 2.630000000000000000e+02 3.010000000000000000e+02 1.407199495760735559e-06 0.000000000000000000e+00
3.000000000000000000e+00 5.000000000000000278e-02 1.000000000000000000e+00 2.640000000000000000e+02 3.010000000000000000e+02 1.998240513469925692e-02 0.000000000000000000e+00
4.000000000000000000e+00 5.000000000000000278e-02 1.000000000000000000e+00 2.630000000000000000e+02 3.010000000000000000e+02 2.304073382047956697e-01 0.000000000000000000e+00
5.000000000000000000e+00 5.000000000000000278e-02 1.000000000000000000e+00 2.630000000000000000e+02 3.010000000000000000e+02 6.325857679664080857e-01 4.591503267973855995e-01
6.000000000000000000e+00 5.000000000000000278e-02 1.000000000000000000e+00 2.600000000000000000e+02 3.010000000000000000e+02 5.435545988060513819e-05 0.000000000000000000e+00
7.000000000000000000e+00 5.000000000000000278e-02 1.000000000000000000e+00 2.630000000000000000e+02 3.010000000000000000e+02 4.719929021945219608e-04 0.000000000000000000e+00
8.000000000000000000e+00 5.000000000000000278e-02 1.000000000000000000e+00 2.630000000000000000e+02 3.010000000000000000e+02 1.089876063259492649e-02 0.000000000000000000e+00
9.000000000000000000e+00 5.000000000000000278e-02 1.000000000000000000e+00 2.630000000000000000e+02 3.010000000000000000e+02 5.622297652183220742e-06 0.000000000000000000e+00
1.000000000000000000e+01 5.000000000000000278e-02 1.000000000000000000e+00 2.620000000000000000e+02 3.010000000000000000e+02 4.836298412706407701e-05 0.000000000000000000e+00
1.100000000000000000e+01 5.000000000000000278e-02 1.000000000000000000e+00 2.640000000000000000e+02 3.010000000000000000e+02 8.799852673944881824e-04 0.000000000000000000e+00
0.000000000000000000e+00 1.000000000000000056e-01 1.000000000000000000e+00 2.630000000000000000e+02 3.010000000000000000e+02 9.183584718541639756e-06 0.000000000000000000e+00
1.000000000000000000e+00 1.000000000000000056e-01 1.000000000000000000e+00 2.640000000000000000e+02 3.020000000000000000e+02 4.102844946397339039e-06 0.000000000000000000e+00
2.000000000000000000e+00 1.000000000000000056e-01 1.000000000000000000e+00 2.640000000000000000e+02 3.010000000000000000e+02 1.401315661640246358e-06 0.000000000000000000e+00
3.000000000000000000e+00 1.000000000000000056e-01 1.000000000000000000e+00 2.640000000000000000e+02 3.020000000000000000e+02 2.102159172590102945e-02 0.000000000000000000e+00
4.000000000000000000e+00 1.000000000000000056e-01 1.000000000000000000e+00 2.640000000000000000e+02 3.010000000000000000e+02 2.302461212810553159e-01 0.000000000000000000e+00
5.000000000000000000e+00 1.000000000000000056e-01 1.000000000000000000e+00 2.640000000000000000e+02 3.010000000000000000e+02 6.325668323448538910e-01 4.591503267973855995e-01
6.000000000000000000e+00 1.000000000000000056e-01 1.000000000000000000e+00 2.610000000000000000e+02 3.010000000000000000e+02 6.427100688579833658e-05 0.000000000000000000e+00
7.000000000000000000e+00 1.000000000000000056e-01 1.000000000000000000e+00 2.640000000000000000e+02 3.020000000000000000e+02 4.711171429161214921e-04 0.000000000000000000e+00
8.000000000000000000e+00 1.000000000000000056e-01 1.000000000000000000e+00 2.640000000000000000e+02 3.010000000000000000e+02 1.087234728274305041e-02 0.000000000000000000e+00
9.000000000000000000e+00 1.000000000000000056e-01 1.000000000000000000e+00 2.630000000000000000e+02 3.010000000000000000e+02 6.083198593372005781e-06 0.000000000000000000e+00
1.000000000000000000e+01 1.000000000000000056e-01 1.000000000000000000e+00 2.640000000000000000e+02 3.010000000000000000e+02 4.805564950729781891e-05 0.000000000000000000e+00
1.100000000000000000e+01 1.000000000000000056e-01 1.000000000000000000e+00 2.640000000000000000e+02 3.010000000000000000e+02 8.800761949629399249e-04 0.000000000000000000e+00
0.000000000000000000e+00 1.500000000000000222e-01 1.000000000000000000e+00 2.650000000000000000e+02 3.010000000000000000e+02 9.102775989073523674e-06 0.000000000000000000e+00
1.000000000000000000e+00 1.500000000000000222e-01 1.000000000000000000e+00 2.650000000000000000e+02 3.010000000000000000e+02 4.085235825218521915e-06 0.000000000000000000e+00
2.000000000000000000e+00 1.500000000000000222e-01 1.000000000000000000e+00 2.640000000000000000e+02 3.010000000000000000e+02 1.405184780148890778e-06 0.000000000000000000e+00
3.000000000000000000e+00 1.500000000000000222e-01 1.000000000000000000e+00 2.640000000000000000e+02 3.010000000000000000e+02 2.253615117542758645e-02 0.000000000000000000e+00
4.000000000000000000e+00 1.500000000000000222e-01 1.000000000000000000e+00 2.650000000000000000e+02 3.020000000000000000e+02 2.301734722978366898e-01 0.000000000000000000e+00
5.000000000000000000e+00 1.500000000000000222e-01 1.000000000000000000e+00 2.640000000000000000e+02 3.010000000000000000e+02 6.325791819686197304e-01 4.591503267973855995e-01
6.000000000000000000e+00 1.500000000000000222e-01 1.000000000000000000e+00 2.610000000000000000e+02 3.010000000000000000e+02 5.163035379722479869e-05 0.000000000000000000e+00
7.000000000000000000e+00 1.500000000000000222e-01 1.000000000000000000e+00 2.640000000000000000e+02 3.010000000000000000e+02 4.714289656768499807e-04 0.000000000000000000e+00
8.000000000000000000e+00 1.500000000000000222e-01 1.000000000000000000e+00 2.640000000000000000e+02 3.010000000000000000e+02 1.087397354298184557e-02 0.000000000000000000e+00
9.000000000000000000e+00 1.500000000000000222e-01 1.000000000000000000e+00 2.620000000000000000e+02 3.010000000000000000e+02 4.808181927550857879e-06 0.000000000000000000e+00
1.000000000000000000e+01 1.500000000000000222e-01 1.000000000000000000e+00 2.640000000000000000e+02 3.010000000000000000e+02 4.812136214395889314e-05 0.000000000000000000e+00
1.100000000000000000e+01 1.500000000000000222e-01 1.000000000000000000e+00 2.640000000000000000e+02 3.010000000000000000e+02 8.799904972846657935e-04 0.000000000000000000e+00
0.000000000000000000e+00 2.000000000000000111e-01 1.000000000000000000e+00 2.640000000000000000e+02 3.010000000000000000e+02 9.146567893273191966e-06 0.000000000000000000e+00
1.000000000000000000e+00 2.000000000000000111e-01 1.000000000000000000e+00 2.640000000000000000e+02 3.010000000000000000e+02 4.101540682837595741e-06 0.000000000000000000e+00
2.000000000000000000e+00 2.000000000000000111e-01 1.000000000000000000e+00 2.640000000000000000e+02 3.010000000000000000e+02 1.407760547628494238e-06 0.000000000000000000e+00
3.000000000000000000e+00 2.000000000000000111e-01 1.000000000000000000e+00 2.640000000000000000e+02 3.010000000000000000e+02 1.852727150213455756e-02 0.000000000000000000e+00
4.000000000000000000e+00 2.000000000000000111e-01 1.000000000000000000e+00 2.640000000000000000e+02 3.010000000000000000e+02 2.303248228301084388e-01 0.000000000000000000e+00
5.000000000000000000e+00 2.000000000000000111e-01 1.000000000000000000e+00 2.640000000000000000e+02 3.010000000000000000e+02 6.325883802934183509e-01 4.575163398692810302e-01
6.000000000000000000e+00 2.000000000000000111e-01 1.000000000000000000e+00 2.610000000000000000e+02 3.010000000000000000e+02 5.135583017693344201e-05 0.000000000000000000e+00
7.000000000000000000e+00 2.000000000000000111e-01 1.000000000000000000e+00 2.640000000000000000e+02 3.010000000000000000e+02 4.715139005577268167e-04 0.000000000000000000e+00
8.000000000000000000e+00 2.000000000000000111e-01 1.000000000000000000e+00 2.630000000000000000e+02 3.010000000000000000e+02 1.090008278972532524e-02 0.000000000000000000e+00
9.000000000000000000e+00 2.000000000000000111e-01 1.000000000000000000e+00 2.630000000000000000e+02 3.010000000000000000e+02 7.327209372585778792e-06 0.000000000000000000e+00
1.000000000000000000e+01 2.000000000000000111e-01 1.000000000000000000e+00 2.640000000000000000e+02 3.010000000000000000e+02 4.821240537833176507e-05 0.000000000000000000e+00
1.100000000000000000e+01 2.000000000000000111e-01 1.000000000000000000e+00 2.640000000000000000e+02 3.010000000000000000e+02 8.804790875185884973e-04 0.000000000000000000e+00
0.000000000000000000e+00 5.000000000000000278e-02 2.000000000000000000e+00 4.960000000000000000e+02 3.010000000000000000e+02 4.461463659996229298e-06 0.000000000000000000e+00
1.000000000000000000e+00 5.000000000000000278e-02 2.000000000000000000e+00 4.950000000000000000e+02 3.010000000000000000e+02 2.022167308230598245e-06 0.000000000000000000e+00
2.000000000000000000e+00 5.000000000000000278e-02 2.000000000000000000e+00 4.960000000000000000e+02 3.010000000000000000e+02 7.163273280749882020e-07 0.000000000000000000e+00
3.000000000000000000e+00 5.000000000000000278e-02 2.000000000000000000e+00 4.960000000000000000e+02 3.010000000000000000e+02 4.100673468477215346e-03 0.000000000000000000e+00
4.000000000000000000e+00 5.000000000000000278e-02 2.000000000000000000e+00 4.940000000000000000e+02 3.010000000000000000e+02 8.303356894359419094e-02 0.000000000000000000e+00
5.000000000000000000e+00 5.000000000000000278e-02 2.000000000000000000e+00 4.940000000000000000e+02 3.010000000000000000e+02 5.762852412370542687e-01 3.660130718954248130e-01
6.000000000000000000e+00 5.000000000000000278e-02 2.000000000000000000e+00 4.900000000000000000e+02 3.010000000000000000e+02 2.551727910177634798e-05 0.000000000000000000e+00
7.000000000000000000e+00 5.000000000000000278e-02 2.000000000000000000e+00 4.940000000000000000e+02 3.010000000000000000e+02 2.087884392881593769e-04 0.000000000000000000e+00
8.000000000000000000e+00 5.000000000000000278e-02 2.000000000000000000e+00 4.960000000000000000e+02 3.010000000000000000e+02 4.359471811133507763e-03 0.000000000000000000e+00
9.000000000000000000e+00 5.000000000000000278e-02 2.000000000000000000e+00 4.940000000000000000e+02 3.010000000000000000e+02 3.796269101859594036e-06 0.000000000000000000e+00
1.000000000000000000e+01 5.000000000000000278e-02 2.000000000000000000e+00 4.930000000000000000e+02 3.010000000000000000e+02 2.300584719420339539e-05 0.000000000000000000e+00
1.100000000000000000e+01 5.000000000000000278e-02 2.000000000000000000e+00 4.930000000000000000e+02 3.010000000000000000e+02 3.851213018216068117e-04 0.000000000000000000e+00
0.000000000000000000e+00 1.000000000000000056e-01 2.000000000000000000e+00 4.960000000000000000e+02 3.010000000000000000e+02 4.460593435487742027e-06 0.000000000000000000e+00
1.000000000000000000e+00 1.000000000000000056e-01 2.000000000000000000e+00 4.960000000000000000e+02 3.010000000000000000e+02 2.016318772960058467e-06 0.000000000000000000e+00
2.000000000000000000e+00 1.000000000000000056e-01 2.000000000000000000e+00 4.940000000000000000e+02 3.010000000000000000e+02 7.177215677569464576e-07 0.000000000000000000e+00
3.000000000000000000e+00 1.000000000000000056e-01 2.000000000000000000e+00 4.950000000000000000e+02 3.010000000000000000e+02 4.183713036518136967e-03 0.000000000000000000e+00
4.000000000000000000e+00 1.000000000000000056e-01 2.000000000000000000e+00 4.940000000000000000e+02 3.010000000000000000e+02 8.323798016239591924e-02 0.000000000000000000e+00
5.000000000000000000e+00 1.000000000000000056e-01 2.000000000000000000e+00 4.940000000000000000e+02 3.010000000000000000e+02 5.763018518294413806e-01 3.660130718954248130e-01
6.000000000000000000e+00 1.000000000000000056e-01 2.000000000000000000e+00 4.880000000000000000e+02 3.010000000000000000e+02 2.522752444749135591e-05 0.000000000000000000e+00
7.000000000000000000e+00 1.000000000000000056e-01 2.000000000000000000e+00 4.950000000000000000e+02 3.010000000000000000e+02 2.082057187513732140e-04 0.000000000000000000e+00
8.000000000000000000e+00 1.000000000000000056e-01 2.000000000000000000e+00 4.950000000000000000e+02 3.010000000000000000e+02 4.365359130207986833e-03 0.000000000000000000e+00
9.000000000000000000e+00 1.000000000000000056e-01 2.000000000000000000e+00 4.930000000000000000e+02 3.010000000000000000e+02 3.442934359463558172e-06 0.000000000000000000e+00
1.000000000000000000e+01 1.000000000000000056e-01 2.000000000000000000e+00 4.950000000000000000e+02 3.010000000000000000e+02 2.291596855797581650e-05 0.000000000000000000e+00
1.100000000000000000e+01 1.000000000000000056e-01 2.000000000000000000e+00 4.930000000000000000e+02 3.010000000000000000e+02 3.852119893038566042e-04 0.000000000000000000e+00
0.000000000000000000e+00 1.500000000000000222e-01 2.000000000000000000e+00 4.950000000000000000e+02 3.010000000000000000e+02 4.472439726683421814e-06 0.000000000000000000e+00
1.000000000000000000e+00 1.500000000000000222e-01 2.000000000000000000e+00 4.950000000000000000e+02 3.010000000000000000e+02 2.020459979314712290e-06 0.000000000000000000e+00
2.000000000000000000e+00 1.500000000000000222e-01 2.000000000000000000e+00 4.950000000000000000e+02 3.010000000000000000e+02 7.128915740055855654e-07 0.000000000000000000e+00
3.000000000000000000e+00 1.500000000000000222e-01 2.000000000000000000e+00 4.950000000000000000e+02 3.010000000000000000e+02 4.128014281721043358e-03 0.000000000000000000e+00
4.000000000000000000e+00 1.500000000000000222e-01 2.000000000000000000e+00 4.950000000000000000e+02 3.010000000000000000e+02 8.342479096247897019e-02 0.000000000000000000e+00
5.000000000000000000e+00 1.500000000000000222e-01 2.000000000000000000e+00 4.960000000000000000e+02 3.010000000000000000e+02 5.762873976813385202e-01 3.660130718954248130e-01
6.000000000000000000e+00 1.500000000000000222e-01 2.000000000000000000e+00 4.910000000000000000e+02 3.010000000000000000e+02 1.929306891813082858e-05 0.000000000000000000e+00
7.000000000000000000e+00 1.500000000000000222e-01 2.000000000000000000e+00 4.950000000000000000e+02 3.010000000000000000e+02 2.077713842263051100e-04 0.000000000000000000e+00
8.000000000000000000e+00 1.500000000000000222e-01 2.000000000000000000e+00 4.940000000000000000e+02 3.010000000000000000e+02 4.370886129829336560e-03 0.000000000000000000e+00
9.000000000000000000e+00 1.500000000000000222e-01 2.000000000000000000e+00 4.930000000000000000e+02 3.010000000000000000e+02 3.280702362227005340e-06 0.000000000000000000e+00
1.000000000000000000e+01 1.500000000000000222e-01 2.000000000000000000e+00 4.950000000000000000e+02 3.010000000000000000e+02 2.287468579820535898e-05 0.000000000000000000e+00
1.100000000000000000e+01 1.500000000000000222e-01 2.000000000000000000e+00 4.940000000000000000e+02 3.010000000000000000e+02 3.845134326189900121e-04 0.000000000000000000e+00
0.000000000000000000e+00 2.000000000000000111e-01 2.000000000000000000e+00 4.940000000000000000e+02 3.010000000000000000e+02 4.481314217465475933e-06 0.000000000000000000e+00
1.000000000000000000e+00 2.000000000000000111e-01 2.000000000000000000e+00 4.950000000000000000e+02 3.010000000000000000e+02 2.018899384868464305e-06 0.000000000000000000e+00
2.000000000000000000e+00 2.000000000000000111e-01 2.000000000000000000e+00 4.960000000000000000e+02 3.010000000000000000e+02 7.099622491617245745e-07 0.000000000000000000e+00
3.000000000000000000e+00 2.000000000000000111e-01 2.000000000000000000e+00 4.950000000000000000e+02 3.010000000000000000e+02 4.076595041798067309e-03 0.000000000000000000e+00
4.000000000000000000e+00 2.000000000000000111e-01 2.000000000000000000e+00 4.940000000000000000e+02 3.010000000000000000e+02 8.366829467830097511e-02 0.000000000000000000e+00
5.000000000000000000e+00 2.000000000000000111e-01 2.000000000000000000e+00 4.960000000000000000e+02 3.010000000000000000e+02 5.763123436714019387e-01 3.676470588235294379e-01
6.000000000000000000e+00 2.000000000000000111e-01 2.000000000000000000e+00 4.880000000000000000e+02 3.010000000000000000e+02 2.957439855051800231e-05 0.000000000000000000e+00
7.000000000000000000e+00 2.000000000000000111e-01 2.000000000000000000e+00 4.940000000000000000e+02 3.010000000000000000e+02 2.075795812083838017e-04 0.000000000000000000e+00
8.000000000000000000e+00 2.000000000000000111e-01 2.000000000000000000e+00 4.940000000000000000e+02 3.010000000000000000e+02 4.370599174643999101e-03 0.000000000000000000e+00
9.000000000000000000e+00 2.000000000000000111e-01 2.000000000000000000e+00 4.930000000000000000e+02 3.010000000000000000e+02 3.106299349551477195e-06 0.000000000000000000e+00
1.000000000000000000e+01 2.000000000000000111e-01 2.000000000000000000e+00 4.940000000000000000e+02 3.010000000000000000e+02 2.288199593865409401e-05 0.000000000000000000e+00
1.100000000000000000e+01 2.000000000000000111e-01 2.000000000000000000e+00 4.940000000000000000e+02 3.010000000000000000e+02 3.842870301429100071e-04 0.000000000000000000e+00
0.000000000000000000e+00 5.000000000000000278e-02 5.000000000000000000e+00 1.058000000000000000e+03 3.010000000000000000e+02 1.897990372386359987e-06 0.000000000000000000e+00
1.000000000000000000e+00 5.000000000000000278e-02 5.000000000000000000e+00 9.980000000000000000e+02 3.010000000000000000e+02 9.131479981716559232e-07 0.000000000000000000e+00
2.000000000000000000e+00 5.000000000000000278e-02 5.000000000000000000e+00 9.490000000000000000e+02 3.010000000000000000e+02 3.193871509645144463e-07 0.000000000000000000e+00
3.000000000000000000e+00 5.000000000000000278e-02 5.000000000000000000e+00 8.610000000000000000e+02 3.010000000000000000e+02 3.495221070776145973e-03 0.000000000000000000e+00
4.000000000000000000e+00 5.000000000000000278e-02 5.000000000000000000e+00 9.460000000000000000e+02 3.010000000000000000e+02 2.432057996375165676e-02 0.000000000000000000e+00
5.000000000000000000e+00 5.000000000000000278e-02 5.000000000000000000e+00 9.620000000000000000e+02 3.010000000000000000e+02 4.246975677634343138e-01 7.026143790849673221e-02
6.000000000000000000e+00 5.000000000000000278e-02 5.000000000000000000e+00 9.410000000000000000e+02 3.010000000000000000e+02 1.368327354404294424e-05 0.000000000000000000e+00
7.000000000000000000e+00 5.000000000000000278e-02 5.000000000000000000e+00 9.550000000000000000e+02 3.010000000000000000e+02 7.392018591272238835e-05 0.000000000000000000e+00
8.000000000000000000e+00 5.000000000000000278e-02 5.000000000000000000e+00 9.850000000000000000e+02 3.010000000000000000e+02 1.476031799059136611e-03 0.000000000000000000e+00
9.000000000000000000e+00 5.000000000000000278e-02 5.000000000000000000e+00 1.900000000000000000e+01 5.000000000000000000e+00 6.121475174648348672e-01 3.937908496732026031e-01
1.000000000000000000e+01 5.000000000000000278e-02 5.000000000000000000e+00 9.830000000000000000e+02 3.010000000000000000e+02 8.633814678621767413e-06 0.000000000000000000e+00
1.100000000000000000e+01 5.000000000000000278e-02 5.000000000000000000e+00 1.064000000000000000e+03 3.010000000000000000e+02 1.401028676446881870e-04 0.000000000000000000e+00
0.000000000000000000e+00 1.000000000000000056e-01 5.000000000000000000e+00 1.067000000000000000e+03 3.010000000000000000e+02 1.881509637433955967e-06 0.000000000000000000e+00
1.000000000000000000e+00 1.000000000000000056e-01 5.000000000000000000e+00 1.063000000000000000e+03 3.010000000000000000e+02 8.509123565545299290e-07 0.000000000000000000e+00
2.000000000000000000e+00 1.000000000000000056e-01 5.000000000000000000e+00 1.065000000000000000e+03 3.010000000000000000e+02 2.799504540735901906e-07 0.000000000000000000e+00
3.000000000000000000e+00 1.000000000000000056e-01 5.000000000000000000e+00 1.069000000000000000e+03 3.010000000000000000e+02 4.055255707344801452e-03 0.000000000000000000e+00
4.000000000000000000e+00 1.000000000000000056e-01 5.000000000000000000e+00 1.068000000000000000e+03 3.010000000000000000e+02 2.399451598086747156e-02 0.000000000000000000e+00
5.000000000000000000e+00 1.000000000000000056e-01 5.000000000000000000e+00 1.068000000000000000e+03 3.010000000000000000e+02 4.228969608275637837e-01 6.535947712418301025e-02
6.000000000000000000e+00 1.000000000000000056e-01 5.000000000000000000e+00 1.069000000000000000e+03 3.010000000000000000e+02 1.326693899095887705e-05 0.000000000000000000e+00
7.000000000000000000e+00 1.000000000000000056e-01 5.000000000000000000e+00 1.041000000000000000e+03 3.010000000000000000e+02 7.034756388124301823e-05 0.000000000000000000e+00
8.000000000000000000e+00 1.000000000000000056e-01 5.000000000000000000e+00 1.065000000000000000e+03 3.010000000000000000e+02 1.401886376166649236e-03 0.000000000000000000e+00
9.000000000000000000e+00 1.000000000000000056e-01 5.000000000000000000e+00 1.200000000000000000e+01 3.000000000000000000e+00 5.578847067428639450e-01 3.382352941176470784e-01
1.000000000000000000e+01 1.000000000000000056e-01 5.000000000000000000e+00 1.067000000000000000e+03 3.010000000000000000e+02 8.063434746112669145e-06 0.000000000000000000e+00
1.100000000000000000e+01 1.000000000000000056e-01 5.000000000000000000e+00 1.064000000000000000e+03 3.010000000000000000e+02 1.401077320294378181e-04 0.000000000000000000e+00
0.000000000000000000e+00 1.500000000000000222e-01 5.000000000000000000e+00 1.067000000000000000e+03 3.010000000000000000e+02 1.882437545949075749e-06 0.000000000000000000e+00
1.000000000000000000e+00 1.500000000000000222e-01 5.000000000000000000e+00 1.064000000000000000e+03 3.010000000000000000e+02 8.491621552554334761e-07 0.000000000000000000e+00
2.000000000000000000e+00 1.500000000000000222e-01 5.000000000000000000e+00 1.067000000000000000e+03 3.010000000000000000e+02 2.794176850141584368e-07 0.000000000000000000e+00
3.000000000000000000e+00 1.500000000000000222e-01 5.000000000000000000e+00 1.064000000000000000e+03 3.010000000000000000e+02 4.978969790150820397e-03 0.000000000000000000e+00
4.000000000000000000e+00 1.500000000000000222e-01 5.000000000000000000e+00 1.068000000000000000e+03 3.010000000000000000e+02 2.400122747705030549e-02 0.000000000000000000e+00
5.000000000000000000e+00 1.500000000000000222e-01 5.000000000000000000e+00 1.065000000000000000e+03 3.010000000000000000e+02 4.229043885456291729e-01 6.535947712418301025e-02
6.000000000000000000e+00 1.500000000000000222e-01 5.000000000000000000e+00 1.069000000000000000e+03 3.010000000000000000e+02 1.057661266430640980e-05 0.000000000000000000e+00
7.000000000000000000e+00 1.500000000000000222e-01 5.000000000000000000e+00 1.064000000000000000e+03 3.010000000000000000e+02 6.992640969836547821e-05 0.000000000000000000e+00
8.000000000000000000e+00 1.500000000000000222e-01 5.000000000000000000e+00 1.051000000000000000e+03 3.010000000000000000e+02 1.413739864875821796e-03 0.000000000000000000e+00
9.000000000000000000e+00 1.500000000000000222e-01 5.000000000000000000e+00 1.037000000000000000e+03 3.010000000000000000e+02 2.204442811352171727e-06 0.000000000000000000e+00
1.000000000000000000e+01 1.500000000000000222e-01 5.000000000000000000e+00 1.066000000000000000e+03 3.010000000000000000e+02 8.144220774925036278e-06 0.000000000000000000e+00
1.100000000000000000e+01 1.500000000000000222e-01 5.000000000000000000e+00 1.064000000000000000e+03 3.010000000000000000e+02 1.401209903100452921e-04 0.000000000000000000e+00
0.000000000000000000e+00 2.000000000000000111e-01 5.000000000000000000e+00 1.066000000000000000e+03 3.010000000000000000e+02 1.885267237615253210e-06 0.000000000000000000e+00
1.000000000000000000e+00 2.000000000000000111e-01 5.000000000000000000e+00 1.061000000000000000e+03 3.010000000000000000e+02 8.521142125574109463e-07 0.000000000000000000e+00
2.000000000000000000e+00 2.000000000000000111e-01 5.000000000000000000e+00 1.067000000000000000e+03 3.010000000000000000e+02 2.812455579438676963e-07 0.000000000000000000e+00
3.000000000000000000e+00 2.000000000000000111e-01 5.000000000000000000e+00 1.065000000000000000e+03 3.010000000000000000e+02 4.164917700440600237e-03 0.000000000000000000e+00
4.000000000000000000e+00 2.000000000000000111e-01 5.000000000000000000e+00 1.064000000000000000e+03 3.010000000000000000e+02 2.387852472882340954e-02 0.000000000000000000e+00
5.000000000000000000e+00 2.000000000000000111e-01 5.000000000000000000e+00 1.065000000000000000e+03 3.010000000000000000e+02 4.228748911804179333e-01 6.535947712418301025e-02
6.000000000000000000e+00 2.000000000000000111e-01 5.000000000000000000e+00 1.068000000000000000e+03 3.010000000000000000e+02 8.154028096267911910e-06 0.000000000000000000e+00
7.000000000000000000e+00 2.000000000000000111e-01 5.000000000000000000e+00 1.062000000000000000e+03 3.010000000000000000e+02 7.023983566209735755e-05 0.000000000000000000e+00
8.000000000000000000e+00 2.000000000000000111e-01 5.000000000000000000e+00 1.052000000000000000e+03 3.010000000000000000e+02 1.413406318836722513e-03 0.000000000000000000e+00
9.000000000000000000e+00 2.000000000000000111e-01 5.000000000000000000e+00 1.069000000000000000e+03 3.010000000000000000e+02 9.229680228048143208e-07 0.000000000000000000e+00
1.000000000000000000e+01 2.000000000000000111e-01 5.000000000000000000e+00 1.068000000000000000e+03 3.010000000000000000e+02 8.234498854884285426e-06 0.000000000000000000e+00
1.100000000000000000e+01 2.000000000000000111e-01 5.000000000000000000e+00 1.007000000000000000e+03 3.010000000000000000e+02 1.466127691023614535e-04 0.000000000000000000e+00
0.000000000000000000e+00 5.000000000000000278e-02 1.000000000000000000e+01 1.627000000000000000e+03 3.010000000000000000e+02 1.178193189206062540e-06 0.000000000000000000e+00
1.000000000000000000e+00 5.000000000000000278e-02 1.000000000000000000e+01 1.593000000000000000e+03 3.010000000000000000e+02 5.441314738006560263e-07 0.000000000000000000e+00
2.000000000000000000e+00 5.000000000000000278e-02 1.000000000000000000e+01 1.617000000000000000e+03 3.010000000000000000e+02 2.292928486030688684e-07 0.000000000000000000e+00
3.000000000000000000e+00 5.000000000000000278e-02 1.000000000000000000e+01 1.598000000000000000e+03 3.010000000000000000e+02 5.581692374700305583e-03 0.000000000000000000e+00
4.000000000000000000e+00 5.000000000000000278e-02 1.000000000000000000e+01 1.607000000000000000e+03 3.010000000000000000e+02 8.587583996350886539e-03 0.000000000000000000e+00
5.000000000000000000e+00 5.000000000000000278e-02 1.000000000000000000e+01 1.643000000000000000e+03 3.010000000000000000e+02 2.455155776265656453e-01 0.000000000000000000e+00
6.000000000000000000e+00 5.000000000000000278e-02 1.000000000000000000e+01 1.900000000000000000e+01 3.000000000000000000e+00 6.797528744829721692e-01 4.232026143790849626e-01
7.000000000000000000e+00 5.000000000000000278e-02 1.000000000000000000e+01 1.710000000000000000e+03 3.010000000000000000e+02 3.937574380138981193e-05 0.000000000000000000e+00
8.000000000000000000e+00 5.000000000000000278e-02 1.000000000000000000e+01 1.781000000000000000e+03 3.010000000000000000e+02 6.389422960923833413e-04 0.000000000000000000e+00
9.000000000000000000e+00 5.000000000000000278e-02 1.000000000000000000e+01 4.000000000000000000e+00 0.000000000000000000e+00 2.628398757797534884e+74 5.049019607843137081e-01
1.000000000000000000e+01 5.000000000000000278e-02 1.000000000000000000e+01 1.726000000000000000e+03 3.010000000000000000e+02 5.217311976242239814e-06 0.000000000000000000e+00
1.100000000000000000e+01 5.000000000000000278e-02 1.000000000000000000e+01 1.776000000000000000e+03 3.010000000000000000e+02 7.035880251024233408e-05 0.000000000000000000e+00
0.000000000000000000e+00 1.000000000000000056e-01 1.000000000000000000e+01 1.781000000000000000e+03 3.010000000000000000e+02 1.064144584423376346e-06 0.000000000000000000e+00
1.000000000000000000e+00 1.000000000000000056e-01 1.000000000000000000e+01 1.777000000000000000e+03 3.010000000000000000e+02 4.808344665838747387e-07 0.000000000000000000e+00
2.000000000000000000e+00 1.000000000000000056e-01 1.000000000000000000e+01 1.786000000000000000e+03 3.010000000000000000e+02 2.078306509395503369e-07 0.000000000000000000e+00
3.000000000000000000e+00 1.000000000000000056e-01 1.000000000000000000e+01 1.786000000000000000e+03 3.010000000000000000e+02 8.620339798002843792e-03 0.000000000000000000e+00
4.000000000000000000e+00 1.000000000000000056e-01 1.000000000000000000e+01 1.784000000000000000e+03 3.010000000000000000e+02 8.265741568750324675e-03 0.000000000000000000e+00
5.000000000000000000e+00 1.000000000000000056e-01 1.000000000000000000e+01 1.771000000000000000e+03 3.010000000000000000e+02 2.440678295927486974e-01 0.000000000000000000e+00
6.000000000000000000e+00 1.000000000000000056e-01 1.000000000000000000e+01 5.000000000000000000e+00 0.000000000000000000e+00 2.297022844780640014e+02 4.166666666666666852e-01
7.000000000000000000e+00 1.000000000000000056e-01 1.000000000000000000e+01 1.772000000000000000e+03 3.010000000000000000e+02 3.860025352550648615e-05 0.000000000000000000e+00
8.000000000000000000e+00 1.000000000000000056e-01 1.000000000000000000e+01 1.776000000000000000e+03 3.010000000000000000e+02 6.404228229527776216e-04 0.000000000000000000e+00
9.000000000000000000e+00 1.000000000000000056e-01 1.000000000000000000e+01 4.300000000000000000e+01 7.000000000000000000e+00 4.778678230770816437e-01 2.483660130718954306e-01
1.000000000000000000e+01 1.000000000000000056e-01 1.000000000000000000e+01 1.775000000000000000e+03 3.010000000000000000e+02 4.703725829666309102e-06 0.000000000000000000e+00
1.100000000000000000e+01 1.000000000000000056e-01 1.000000000000000000e+01 1.773000000000000000e+03 3.010000000000000000e+02 7.045200468056176063e-05 0.000000000000000000e+00
0.000000000000000000e+00 1.500000000000000222e-01 1.000000000000000000e+01 1.697000000000000000e+03 3.010000000000000000e+02 1.123855494961051277e-06 0.000000000000000000e+00
1.000000000000000000e+00 1.500000000000000222e-01 1.000000000000000000e+01 1.713000000000000000e+03 3.010000000000000000e+02 4.988001325965782704e-07 0.000000000000000000e+00
2.000000000000000000e+00 1.500000000000000222e-01 1.000000000000000000e+01 1.650000000000000000e+03 3.010000000000000000e+02 2.089246172961868679e-07 0.000000000000000000e+00
3.000000000000000000e+00 1.500000000000000222e-01 1.000000000000000000e+01 1.684000000000000000e+03 3.010000000000000000e+02 1.670910779068959795e-03 0.000000000000000000e+00
4.000000000000000000e+00 1.500000000000000222e-01 1.000000000000000000e+01 1.549000000000000000e+03 3.010000000000000000e+02 8.497188876492206208e-03 0.000000000000000000e+00
5.000000000000000000e+00 1.500000000000000222e-01 1.000000000000000000e+01 1.481000000000000000e+03 3.010000000000000000e+02 2.481735731425054048e-01 0.000000000000000000e+00
6.000000000000000000e+00 1.500000000000000222e-01 1.000000000000000000e+01 1.583000000000000000e+03 3.010000000000000000e+02 1.310520437379001746e-04 0.000000000000000000e+00
7.000000000000000000e+00 1.500000000000000222e-01 1.000000000000000000e+01 1.705000000000000000e+03 3.010000000000000000e+02 3.741561290589830239e-05 0.000000000000000000e+00
8.000000000000000000e+00 1.500000000000000222e-01 1.000000000000000000e+01 1.749000000000000000e+03 3.010000000000000000e+02 6.465061220024931029e-04 0.000000000000000000e+00
9.000000000000000000e+00 1.500000000000000222e-01 1.000000000000000000e+01 9.000000000000000000e+00 1.000000000000000000e+00 6.932838592107856135e-01 5.049019607843137081e-01
1.000000000000000000e+01 1.500000000000000222e-01 1.000000000000000000e+01 1.744000000000000000e+03 3.010000000000000000e+02 4.947859457474190523e-06 0.000000000000000000e+00
1.100000000000000000e+01 1.500000000000000222e-01 1.000000000000000000e+01 1.598000000000000000e+03 3.010000000000000000e+02 7.652951270720810854e-05 0.000000000000000000e+00
0.000000000000000000e+00 2.000000000000000111e-01 1.000000000000000000e+01 1.586000000000000000e+03 3.010000000000000000e+02 1.211748076637875409e-06 0.000000000000000000e+00
1.000000000000000000e+00 2.000000000000000111e-01 1.000000000000000000e+01 1.705000000000000000e+03 3.010000000000000000e+02 4.996818629277370980e-07 0.000000000000000000e+00
2.000000000000000000e+00 2.000000000000000111e-01 1.000000000000000000e+01 1.720000000000000000e+03 3.010000000000000000e+02 1.915671889685621155e-07 0.000000000000000000e+00
3.000000000000000000e+00 2.000000000000000111e-01 1.000000000000000000e+01 1.712000000000000000e+03 3.010000000000000000e+02 6.449340168335757628e-01 3.660130718954248130e-01
4.000000000000000000e+00 2.000000000000000111e-01 1.000000000000000000e+01 1.721000000000000000e+03 3.010000000000000000e+02 8.612531292880623926e-03 0.000000000000000000e+00
5.000000000000000000e+00 2.000000000000000111e-01 1.000000000000000000e+01 1.655000000000000000e+03 3.010000000000000000e+02 2.457714298995442859e-01 0.000000000000000000e+00
6.000000000000000000e+00 2.000000000000000111e-01 1.000000000000000000e+01 1.701000000000000000e+03 3.010000000000000000e+02 1.298392968933760057e-06 0.000000000000000000e+00
7.000000000000000000e+00 2.000000000000000111e-01 1.000000000000000000e+01 1.669000000000000000e+03 3.010000000000000000e+02 4.157624114048169057e-05 0.000000000000000000e+00
8.000000000000000000e+00 2.000000000000000111e-01 1.000000000000000000e+01 1.703000000000000000e+03 3.010000000000000000e+02 6.579666623471677354e-04 0.000000000000000000e+00
9.000000000000000000e+00 2.000000000000000111e-01 1.000000000000000000e+01 7.000000000000000000e+00 1.000000000000000000e+00 6.840695293472985883e-01 5.049019607843137081e-01
1.000000000000000000e+01 2.000000000000000111e-01 1.000000000000000000e+01 1.689000000000000000e+03 3.010000000000000000e+02 3.563707526886551963e-06 0.000000000000000000e+00
1.100000000000000000e+01 2.000000000000000111e-01 1.000000000000000000e+01 1.708000000000000000e+03 3.010000000000000000e+02 7.261399652511209431e-05 0.000000000000000000e+00
0.000000000000000000e+00 5.000000000000000278e-02 2.000000000000000000e+01 2.574000000000000000e+03 3.010000000000000000e+02 7.066930101875532087e-07 0.000000000000000000e+00
1.000000000000000000e+00 5.000000000000000278e-02 2.000000000000000000e+01 2.502000000000000000e+03 3.010000000000000000e+02 3.254245156226242518e-07 0.000000000000000000e+00
2.000000000000000000e+00 5.000000000000000278e-02 2.000000000000000000e+01 1.849000000000000000e+03 3.010000000000000000e+02 1.854174265492503177e-07 0.000000000000000000e+00
3.000000000000000000e+00 5.000000000000000278e-02 2.000000000000000000e+01 3.150000000000000000e+02 4.200000000000000000e+01 6.658871774383350317e-01 4.542483660130718914e-01
4.000000000000000000e+00 5.000000000000000278e-02 2.000000000000000000e+01 1.992000000000000000e+03 3.010000000000000000e+02 3.440335539276472097e-03 0.000000000000000000e+00
5.000000000000000000e+00 5.000000000000000278e-02 2.000000000000000000e+01 1.840000000000000000e+03 3.010000000000000000e+02 1.024525224318674904e-01 0.000000000000000000e+00
6.000000000000000000e+00 5.000000000000000278e-02 2.000000000000000000e+01 1.400000000000000000e+01 2.000000000000000000e+00 6.874732943896501025e-01 4.934640522875817226e-01
7.000000000000000000e+00 5.000000000000000278e-02 2.000000000000000000e+01 1.316000000000000000e+03 3.010000000000000000e+02 4.208524146447699507e-05 0.000000000000000000e+00
8.000000000000000000e+00 5.000000000000000278e-02 2.000000000000000000e+01 1.319000000000000000e+03 3.010000000000000000e+02 4.974365126407647711e-04 0.000000000000000000e+00
9.000000000000000000e+00 5.000000000000000278e-02 2.000000000000000000e+01 4.000000000000000000e+00 0.000000000000000000e+00 3.924524750618609218e+93 4.526143790849673221e-01
1.000000000000000000e+01 5.000000000000000278e-02 2.000000000000000000e+01 2.568000000000000000e+03 3.010000000000000000e+02 4.668173000465398800e-06 0.000000000000000000e+00
1.100000000000000000e+01 5.000000000000000278e-02 2.000000000000000000e+01 2.630000000000000000e+03 3.010000000000000000e+02 3.929804348291788434e-05 0.000000000000000000e+00
0.000000000000000000e+00 1.000000000000000056e-01 2.000000000000000000e+01 2.450000000000000000e+03 3.010000000000000000e+02 7.469862848192733621e-07 0.000000000000000000e+00
1.000000000000000000e+00 1.000000000000000056e-01 2.000000000000000000e+01 2.677000000000000000e+03 3.010000000000000000e+02 3.080592959210631014e-07 0.000000000000000000e+00
2.000000000000000000e+00 1.000000000000000056e-01 2.000000000000000000e+01 2.648000000000000000e+03 3.010000000000000000e+02 1.424035202904502595e-07 0.000000000000000000e+00
3.000000000000000000e+00 1.000000000000000056e-01 2.000000000000000000e+01 1.600000000000000000e+01 1.000000000000000000e+00 6.872021721854304488e-01 4.787581699346405428e-01
4.000000000000000000e+00 1.000000000000000056e-01 2.000000000000000000e+01 2.706000000000000000e+03 3.010000000000000000e+02 4.354284822069195635e-03 0.000000000000000000e+00
5.000000000000000000e+00 1.000000000000000056e-01 2.000000000000000000e+01 2.707000000000000000e+03 3.010000000000000000e+02 9.775737792177074947e-02 0.000000000000000000e+00
6.000000000000000000e+00 1.000000000000000056e-01 2.000000000000000000e+01 2.800000000000000000e+01 3.000000000000000000e+00 2.403114783016575241e+10 4.313725490196078649e-01
7.000000000000000000e+00 1.000000000000000056e-01 2.000000000000000000e+01 2.701000000000000000e+03 3.010000000000000000e+02 2.704522895535286541e-05 0.000000000000000000e+00
8.000000000000000000e+00 1.000000000000000056e-01 2.000000000000000000e+01 2.704000000000000000e+03 3.010000000000000000e+02 3.166440763753448906e-04 0.000000000000000000e+00
9.000000000000000000e+00 1.000000000000000056e-01 2.000000000000000000e+01 4.000000000000000000e+00 0.000000000000000000e+00 1.025539335434269528e+82 4.820261437908496815e-01
1.000000000000000000e+01 1.000000000000000056e-01 2.000000000000000000e+01 2.705000000000000000e+03 3.010000000000000000e+02 3.877577936858262435e-06 0.000000000000000000e+00
1.100000000000000000e+01 1.000000000000000056e-01 2.000000000000000000e+01 2.709000000000000000e+03 3.010000000000000000e+02 3.839745389207306126e-05 0.000000000000000000e+00
0.000000000000000000e+00 1.500000000000000222e-01 2.000000000000000000e+01 2.708000000000000000e+03 3.010000000000000000e+02 6.695216900746025511e-07 0.000000000000000000e+00
1.000000000000000000e+00 1.500000000000000222e-01 2.000000000000000000e+01 2.703000000000000000e+03 3.010000000000000000e+02 3.056445836146563711e-07 0.000000000000000000e+00
2.000000000000000000e+00 1.500000000000000222e-01 2.000000000000000000e+01 2.711000000000000000e+03 3.010000000000000000e+02 1.481254778941196356e-07 0.000000000000000000e+00
3.000000000000000000e+00 1.500000000000000222e-01 2.000000000000000000e+01 1.420000000000000000e+02 1.500000000000000000e+01 2.266283675478583670e-01 7.516339869281045416e-02
4.000000000000000000e+00 1.500000000000000222e-01 2.000000000000000000e+01 2.704000000000000000e+03 3.010000000000000000e+02 4.346921603964389903e-03 0.000000000000000000e+00
5.000000000000000000e+00 1.500000000000000222e-01 2.000000000000000000e+01 2.666000000000000000e+03 3.010000000000000000e+02 9.807105388150685887e-02 0.000000000000000000e+00
6.000000000000000000e+00 1.500000000000000222e-01 2.000000000000000000e+01 6.000000000000000000e+00 0.000000000000000000e+00 7.954226921960524101e+51 4.656862745098039325e-01
7.000000000000000000e+00 1.500000000000000222e-01 2.000000000000000000e+01 2.704000000000000000e+03 3.010000000000000000e+02 2.689103533512900870e-05 0.000000000000000000e+00
8.000000000000000000e+00 1.500000000000000222e-01 2.000000000000000000e+01 2.699000000000000000e+03 3.010000000000000000e+02 3.171859253696374093e-04 0.000000000000000000e+00
9.000000000000000000e+00 1.500000000000000222e-01 2.000000000000000000e+01 4.000000000000000000e+00 0.000000000000000000e+00 1.450445574692975413e+78 4.803921568627451122e-01
1.000000000000000000e+01 1.500000000000000222e-01 2.000000000000000000e+01 2.664000000000000000e+03 3.010000000000000000e+02 3.968181620827460770e-06 0.000000000000000000e+00
1.100000000000000000e+01 1.500000000000000222e-01 2.000000000000000000e+01 2.383000000000000000e+03 3.010000000000000000e+02 4.249917019357694485e-05 0.000000000000000000e+00
0.000000000000000000e+00 2.000000000000000111e-01 2.000000000000000000e+01 2.481000000000000000e+03 3.010000000000000000e+02 7.382576537049464568e-07 0.000000000000000000e+00
1.000000000000000000e+00 2.000000000000000111e-01 2.000000000000000000e+01 2.502000000000000000e+03 3.010000000000000000e+02 3.326351237572799431e-07 0.000000000000000000e+00
2.000000000000000000e+00 2.000000000000000111e-01 2.000000000000000000e+01 2.416000000000000000e+03 3.010000000000000000e+02 1.627952127662906145e-07 0.000000000000000000e+00
3.000000000000000000e+00 2.000000000000000111e-01 2.000000000000000000e+01 2.522000000000000000e+03 3.010000000000000000e+02 4.020870013114180162e-04 0.000000000000000000e+00
4.000000000000000000e+00 2.000000000000000111e-01 2.000000000000000000e+01 2.496000000000000000e+03 3.010000000000000000e+02 4.024993667393352535e-03 0.000000000000000000e+00
5.000000000000000000e+00 2.000000000000000111e-01 2.000000000000000000e+01 2.512000000000000000e+03 3.010000000000000000e+02 9.893979410331914248e-02 0.000000000000000000e+00
6.000000000000000000e+00 2.000000000000000111e-01 2.000000000000000000e+01 1.400000000000000000e+01 1.000000000000000000e+00 5.264152950493281559e+42 4.411764705882352811e-01
7.000000000000000000e+00 2.000000000000000111e-01 2.000000000000000000e+01 2.505000000000000000e+03 3.010000000000000000e+02 2.645267836961821695e-05 0.000000000000000000e+00
8.000000000000000000e+00 2.000000000000000111e-01 2.000000000000000000e+01 2.499000000000000000e+03 3.010000000000000000e+02 3.328781688030715575e-04 0.000000000000000000e+00
9.000000000000000000e+00 2.000000000000000111e-01 2.000000000000000000e+01 4.000000000000000000e+00 0.000000000000000000e+00 6.984371524998299642e+81 4.558823529411764608e-01
1.000000000000000000e+01 2.000000000000000111e-01 2.000000000000000000e+01 2.590000000000000000e+03 3.010000000000000000e+02 3.846804663009815242e-06 0.000000000000000000e+00
1.100000000000000000e+01 2.000000000000000111e-01 2.000000000000000000e+01 2.600000000000000000e+03 3.010000000000000000e+02 3.970257544144844566e-05 0.000000000000000000e+00
0.000000000000000000e+00 5.000000000000000278e-02 5.000000000000000000e+01 8.780000000000000000e+02 3.010000000000000000e+02 2.303914565275879774e-06 0.000000000000000000e+00
1.000000000000000000e+00 5.000000000000000278e-02 5.000000000000000000e+01 8.760000000000000000e+02 3.010000000000000000e+02 1.249671247659891675e-06 0.000000000000000000e+00
2.000000000000000000e+00 5.000000000000000278e-02 5.000000000000000000e+01 8.820000000000000000e+02 3.010000000000000000e+02 9.144358683922247151e-07 0.000000000000000000e+00
3.000000000000000000e+00 5.000000000000000278e-02 5.000000000000000000e+01 1.300000000000000000e+01 4.000000000000000000e+00 7.761018549499039744e+18 4.035947712418300748e-01
4.000000000000000000e+00 5.000000000000000278e-02 5.000000000000000000e+01 8.800000000000000000e+02 3.010000000000000000e+02 4.117909496398681167e-03 0.000000000000000000e+00
5.000000000000000000e+00 5.000000000000000278e-02 5.000000000000000000e+01 8.750000000000000000e+02 3.010000000000000000e+02 3.301632318849010567e-02 0.000000000000000000e+00
6.000000000000000000e+00 5.000000000000000278e-02 5.000000000000000000e+01 4.000000000000000000e+00 1.000000000000000000e+00 2.460109713318842275e+51 5.049019607843137081e-01
7.000000000000000000e+00 5.000000000000000278e-02 5.000000000000000000e+01 8.810000000000000000e+02 3.010000000000000000e+02 4.075755457803544772e-05 0.000000000000000000e+00
8.000000000000000000e+00 5.000000000000000278e-02 5.000000000000000000e+01 8.760000000000000000e+02 3.010000000000000000e+02 3.641360432276473575e-04 0.000000000000000000e+00
9.000000000000000000e+00 5.000000000000000278e-02 5.000000000000000000e+01 4.000000000000000000e+00 1.000000000000000000e+00 1.516111556217979197e+59 4.705882352941176405e-01
1.000000000000000000e+01 5.000000000000000278e-02 5.000000000000000000e+01 8.850000000000000000e+02 3.010000000000000000e+02 8.109596489181676398e-06 0.000000000000000000e+00
1.100000000000000000e+01 5.000000000000000278e-02 5.000000000000000000e+01 8.770000000000000000e+02 3.010000000000000000e+02 6.562286691973561316e-05 0.000000000000000000e+00
0.000000000000000000e+00 1.000000000000000056e-01 5.000000000000000000e+01 9.900000000000000000e+02 3.010000000000000000e+02 1.868967883225848931e-06 0.000000000000000000e+00
1.000000000000000000e+00 1.000000000000000056e-01 5.000000000000000000e+01 8.740000000000000000e+02 3.010000000000000000e+02 1.245599032494728511e-06 0.000000000000000000e+00
2.000000000000000000e+00 1.000000000000000056e-01 5.000000000000000000e+01 8.800000000000000000e+02 3.010000000000000000e+02 8.443140621159654667e-07 0.000000000000000000e+00
3.000000000000000000e+00 1.000000000000000056e-01 5.000000000000000000e+01 3.100000000000000000e+01 1.000000000000000000e+01 4.105523995032623200e+16 4.117647058823529216e-01
4.000000000000000000e+00 1.000000000000000056e-01 5.000000000000000000e+01 8.780000000000000000e+02 3.010000000000000000e+02 4.398337580188500101e-03 0.000000000000000000e+00
5.000000000000000000e+00 1.000000000000000056e-01 5.000000000000000000e+01 8.780000000000000000e+02 3.010000000000000000e+02 3.302838087595665745e-02 0.000000000000000000e+00
6.000000000000000000e+00 1.000000000000000056e-01 5.000000000000000000e+01 4.000000000000000000e+00 1.000000000000000000e+00 5.612626901480915315e+45 4.248366013071895320e-01
7.000000000000000000e+00 1.000000000000000056e-01 5.000000000000000000e+01 8.810000000000000000e+02 3.010000000000000000e+02 3.325288062748477206e-05 0.000000000000000000e+00
8.000000000000000000e+00 1.000000000000000056e-01 5.000000000000000000e+01 8.750000000000000000e+02 3.010000000000000000e+02 3.648019927733835133e-04 0.000000000000000000e+00
9.000000000000000000e+00 1.000000000000000056e-01 5.000000000000000000e+01 4.000000000000000000e+00 1.000000000000000000e+00 1.319051158496263246e+57 4.869281045751633896e-01
1.000000000000000000e+01 1.000000000000000056e-01 5.000000000000000000e+01 8.860000000000000000e+02 3.010000000000000000e+02 1.047283721187050964e-05 0.000000000000000000e+00
1.100000000000000000e+01 1.000000000000000056e-01 5.000000000000000000e+01 8.760000000000000000e+02 3.010000000000000000e+02 6.576039175390430743e-05 0.000000000000000000e+00
0.000000000000000000e+00 1.500000000000000222e-01 5.000000000000000000e+01 8.780000000000000000e+02 3.010000000000000000e+02 2.345417402230093370e-06 0.000000000000000000e+00
1.000000000000000000e+00 1.500000000000000222e-01 5.000000000000000000e+01 8.760000000000000000e+02 3.010000000000000000e+02 1.160703364534257440e-06 0.000000000000000000e+00
2.000000000000000000e+00 1.500000000000000222e-01 5.000000000000000000e+01 8.800000000000000000e+02 3.010000000000000000e+02 6.652332662785435792e-07 0.000000000000000000e+00
3.000000000000000000e+00 1.500000000000000222e-01 5.000000000000000000e+01 1.600000000000000000e+01 5.000000000000000000e+00 1.402330411761771973e+12 5.065359477124182774e-01
4.000000000000000000e+00 1.500000000000000222e-01 5.000000000000000000e+01 9.890000000000000000e+02 3.010000000000000000e+02 3.915844170608180283e-03 0.000000000000000000e+00
5.000000000000000000e+00 1.500000000000000222e-01 5.000000000000000000e+01 8.760000000000000000e+02 3.010000000000000000e+02 3.307514699697464144e-02 0.000000000000000000e+00
6.000000000000000000e+00 1.500000000000000222e-01 5.000000000000000000e+01 8.990000000000000000e+02 3.010000000000000000e+02 1.119818084988852355e+45 4.624183006535947937e-01
7.000000000000000000e+00 1.500000000000000222e-01 5.000000000000000000e+01 8.840000000000000000e+02 3.010000000000000000e+02 2.649798670174779389e-05 0.000000000000000000e+00
8.000000000000000000e+00 1.500000000000000222e-01 5.000000000000000000e+01 8.800000000000000000e+02 3.010000000000000000e+02 3.635892630958921230e-04 0.000000000000000000e+00
9.000000000000000000e+00 1.500000000000000222e-01 5.000000000000000000e+01 4.000000000000000000e+00 1.000000000000000000e+00 6.959014111070531414e+52 4.950980392156862919e-01
1.000000000000000000e+01 1.500000000000000222e-01 5.000000000000000000e+01 8.830000000000000000e+02 3.010000000000000000e+02 2.451412660096816584e-05 0.000000000000000000e+00
1.100000000000000000e+01 1.500000000000000222e-01 5.000000000000000000e+01 8.750000000000000000e+02 3.010000000000000000e+02 6.590812163852396695e-05 0.000000000000000000e+00
0.000000000000000000e+00 2.000000000000000111e-01 5.000000000000000000e+01 8.750000000000000000e+02 3.010000000000000000e+02 2.364960051722705288e-06 0.000000000000000000e+00
1.000000000000000000e+00 2.000000000000000111e-01 5.000000000000000000e+01 8.770000000000000000e+02 3.010000000000000000e+02 1.004103164624547767e-06 0.000000000000000000e+00
2.000000000000000000e+00 2.000000000000000111e-01 5.000000000000000000e+01 8.810000000000000000e+02 3.010000000000000000e+02 5.351652458246487286e-07 0.000000000000000000e+00
3.000000000000000000e+00 2.000000000000000111e-01 5.000000000000000000e+01 1.200000000000000000e+01 4.000000000000000000e+00 6.597163685811917588e-01 4.526143790849673221e-01
4.000000000000000000e+00 2.000000000000000111e-01 5.000000000000000000e+01 8.790000000000000000e+02 3.010000000000000000e+02 3.616477620405581829e-03 0.000000000000000000e+00
5.000000000000000000e+00 2.000000000000000111e-01 5.000000000000000000e+01 8.760000000000000000e+02 3.010000000000000000e+02 3.312434867611723649e-02 0.000000000000000000e+00
6.000000000000000000e+00 2.000000000000000111e-01 5.000000000000000000e+01 4.000000000000000000e+00 1.000000000000000000e+00 2.297248969581453710e+44 4.950980392156862919e-01
7.000000000000000000e+00 2.000000000000000111e-01 5.000000000000000000e+01 9.930000000000000000e+02 3.010000000000000000e+02 2.502159732010832268e-05 0.000000000000000000e+00
8.000000000000000000e+00 2.000000000000000111e-01 5.000000000000000000e+01 8.800000000000000000e+02 3.010000000000000000e+02 3.639894036605797350e-04 0.000000000000000000e+00
9.000000000000000000e+00 2.000000000000000111e-01 5.000000000000000000e+01 4.000000000000000000e+00 1.000000000000000000e+00 2.629280519076910471e+55 5.130718954248365549e-01
1.000000000000000000e+01 2.000000000000000111e-01 5.000000000000000000e+01 8.850000000000000000e+02 3.010000000000000000e+02 7.187966429586533602e-06 0.000000000000000000e+00
1.100000000000000000e+01 2.000000000000000111e-01 5.000000000000000000e+01 8.790000000000000000e+02 3.010000000000000000e+02 6.572584595652398683e-05 0.000000000000000000e+00
