0.000000000000000000e+00 5.000000000000000278e-02 1.000000000000000000e+00 4.000000000000000000e+01 1.440000000000000000e+02 1.019754698444057424e-02 4.357298474945534190e-03
1.000000000000000000e+00 5.000000000000000278e-02 1.000000000000000000e+00 8.200000000000000000e+01 3.020000000000000000e+02 5.388581379870926308e-03 2.178649237472767095e-03
2.000000000000000000e+00 5.000000000000000278e-02 1.000000000000000000e+00 2.200000000000000000e+01 7.900000000000000000e+01 5.161529340205871924e-03 2.723311546840958761e-03
3.000000000000000000e+00 5.000000000000000278e-02 1.000000000000000000e+00 8.700000000000000000e+01 3.040000000000000000e+02 3.719847948975910090e-01 5.827886710239651435e-01
4.000000000000000000e+00 5.000000000000000278e-02 1.000000000000000000e+00 8.500000000000000000e+01 3.040000000000000000e+02 4.447489987866393713e-01 7.946623093681917105e-01
5.000000000000000000e+00 5.000000000000000278e-02 1.000000000000000000e+00 8.400000000000000000e+01 3.020000000000000000e+02 7.981460214285623911e-01 8.071895424836601496e-01
6.000000000000000000e+00 5.000000000000000278e-02 1.000000000000000000e+00 8.200000000000000000e+01 3.040000000000000000e+02 1.182199040335589479e-02 7.080610021786492084e-03
7.000000000000000000e+00 5.000000000000000278e-02 1.000000000000000000e+00 8.200000000000000000e+01 3.030000000000000000e+02 6.806571298178644425e-02 4.684095860566448583e-02
8.000000000000000000e+00 5.000000000000000278e-02 1.000000000000000000e+00 8.500000000000000000e+01 3.040000000000000000e+02 3.198307749754020768e-01 4.716775599128540386e-01
9.000000000000000000e+00 5.000000000000000278e-02 1.000000000000000000e+00 3.500000000000000000e+01 1.250000000000000000e+02 7.018036928349018384e-03 7.080610021786492084e-03
1.000000000000000000e+01 5.000000000000000278e-02 1.000000000000000000e+00 8.400000000000000000e+01 3.020000000000000000e+02 1.394999124776548881e-02 5.446623093681917521e-03
1.100000000000000000e+01 5.000000000000000278e-02 1.000000000000000000e+00 9.000000000000000000e+01 3.030000000000000000e+02 1.000752039053245113e-01 8.660130718954248130e-02
0.000000000000000000e+00 1.000000000000000056e-01 1.000000000000000000e+00 9.000000000000000000e+01 3.020000000000000000e+02 6.481021206615790453e-03 2.178649237472767095e-03
1.000000000000000000e+00 1.000000000000000056e-01 1.000000000000000000e+00 8.600000000000000000e+01 2.880000000000000000e+02 5.364588256116104015e-03 3.812636165577342091e-03
2.000000000000000000e+00 1.000000000000000056e-01 1.000000000000000000e+00 3.200000000000000000e+01 1.070000000000000000e+02 5.488272438147721866e-03 5.446623093681917521e-03
3.000000000000000000e+00 1.000000000000000056e-01 1.000000000000000000e+00 8.400000000000000000e+01 3.040000000000000000e+02 3.728868325896134706e-01 5.866013071895425091e-01
4.000000000000000000e+00 1.000000000000000056e-01 1.000000000000000000e+00 6.900000000000000000e+01 3.030000000000000000e+02 4.466078162314066069e-01 7.946623093681917105e-01
5.000000000000000000e+00 1.000000000000000056e-01 1.000000000000000000e+00 7.800000000000000000e+01 3.040000000000000000e+02 7.987684993329557948e-01 8.071895424836601496e-01
6.000000000000000000e+00 1.000000000000000056e-01 1.000000000000000000e+00 8.500000000000000000e+01 3.030000000000000000e+02 1.386531369130281945e-02 9.259259259259258745e-03
7.000000000000000000e+00 1.000000000000000056e-01 1.000000000000000000e+00 8.400000000000000000e+01 3.010000000000000000e+02 6.702321876521527555e-02 4.520697167755990953e-02
8.000000000000000000e+00 1.000000000000000056e-01 1.000000000000000000e+00 8.100000000000000000e+01 3.020000000000000000e+02 3.219517678620351098e-01 4.738562091503267792e-01
9.000000000000000000e+00 1.000000000000000056e-01 1.000000000000000000e+00 4.500000000000000000e+01 1.640000000000000000e+02 7.999947882491181134e-03 9.803921568627450844e-03
1.000000000000000000e+01 1.000000000000000056e-01 1.000000000000000000e+00 8.200000000000000000e+01 3.040000000000000000e+02 1.414923729167247637e-02 4.901960784313725422e-03
1.100000000000000000e+01 1.000000000000000056e-01 1.000000000000000000e+00 8.000000000000000000e+01 3.020000000000000000e+02 1.087516911829418675e-01 9.368191721132897165e-02
0.000000000000000000e+00 1.500000000000000222e-01 1.000000000000000000e+00 6.700000000000000000e+01 2.530000000000000000e+02 7.867009681067725982e-03 3.267973856209150426e-03
1.000000000000000000e+00 1.500000000000000222e-01 1.000000000000000000e+00 7.900000000000000000e+01 2.920000000000000000e+02 4.676921902523586798e-03 3.267973856209150426e-03
2.000000000000000000e+00 1.500000000000000222e-01 1.000000000000000000e+00 7.300000000000000000e+01 2.710000000000000000e+02 4.715746616504696079e-03 5.446623093681917521e-03
3.000000000000000000e+00 1.500000000000000222e-01 1.000000000000000000e+00 8.400000000000000000e+01 3.040000000000000000e+02 3.739434586968691798e-01 5.904139433551198746e-01
4.000000000000000000e+00 1.500000000000000222e-01 1.000000000000000000e+00 8.800000000000000000e+01 3.030000000000000000e+02 4.444124113427053158e-01 7.946623093681917105e-01
5.000000000000000000e+00 1.500000000000000222e-01 1.000000000000000000e+00 8.700000000000000000e+01 3.040000000000000000e+02 7.978551076044776424e-01 8.071895424836601496e-01
6.000000000000000000e+00 1.500000000000000222e-01 1.000000000000000000e+00 8.500000000000000000e+01 3.010000000000000000e+02 1.361118807173644814e-02 7.625272331154684183e-03
7.000000000000000000e+00 1.500000000000000222e-01 1.000000000000000000e+00 8.500000000000000000e+01 3.040000000000000000e+02 6.672841913314472850e-02 4.466230936819172437e-02
8.000000000000000000e+00 1.500000000000000222e-01 1.000000000000000000e+00 8.400000000000000000e+01 3.030000000000000000e+02 3.203765720166651398e-01 4.727668845315904367e-01
9.000000000000000000e+00 1.500000000000000222e-01 1.000000000000000000e+00 4.700000000000000000e+01 1.690000000000000000e+02 1.063031202248052899e-02 1.307189542483660170e-02
1.000000000000000000e+01 1.500000000000000222e-01 1.000000000000000000e+00 8.500000000000000000e+01 3.030000000000000000e+02 1.356932575805067966e-02 4.901960784313725422e-03
1.100000000000000000e+01 1.500000000000000222e-01 1.000000000000000000e+00 8.300000000000000000e+01 3.030000000000000000e+02 1.061521071900839164e-01 9.204793028322440229e-02
0.000000000000000000e+00 2.000000000000000111e-01 1.000000000000000000e+00 8.400000000000000000e+01 3.040000000000000000e+02 6.945393404153090561e-03 3.812636165577342091e-03
1.000000000000000000e+00 2.000000000000000111e-01 1.000000000000000000e+00 7.500000000000000000e+01 2.720000000000000000e+02 4.426349155317049582e-03 1.633986928104575213e-03
2.000000000000000000e+00 2.000000000000000111e-01 1.000000000000000000e+00 6.100000000000000000e+01 2.190000000000000000e+02 5.067992446653327501e-03 4.901960784313725422e-03
3.000000000000000000e+00 2.000000000000000111e-01 1.000000000000000000e+00 8.500000000000000000e+01 3.010000000000000000e+02 3.757371785630462813e-01 5.996732026143790639e-01
4.000000000000000000e+00 2.000000000000000111e-01 1.000000000000000000e+00 8.200000000000000000e+01 3.020000000000000000e+02 4.450197904415659766e-01 7.946623093681917105e-01
5.000000000000000000e+00 2.000000000000000111e-01 1.000000000000000000e+00 8.300000000000000000e+01 3.030000000000000000e+02 7.982445451678591430e-01 8.071895424836601496e-01
6.000000000000000000e+00 2.000000000000000111e-01 1.000000000000000000e+00 7.800000000000000000e+01 2.840000000000000000e+02 1.336118999344590788e-02 7.625272331154684183e-03
7.000000000000000000e+00 2.000000000000000111e-01 1.000000000000000000e+00 8.100000000000000000e+01 3.010000000000000000e+02 6.833276100346619142e-02 4.847494553376906212e-02
8.000000000000000000e+00 2.000000000000000111e-01 1.000000000000000000e+00 8.200000000000000000e+01 3.010000000000000000e+02 3.213874740700585209e-01 4.733115468409586080e-01
9.000000000000000000e+00 2.000000000000000111e-01 1.000000000000000000e+00 5.600000000000000000e+01 2.110000000000000000e+02 7.517761633464268428e-03 8.169934640522876282e-03
1.000000000000000000e+01 2.000000000000000111e-01 1.000000000000000000e+00 8.200000000000000000e+01 3.030000000000000000e+02 1.468849900264503072e-02 4.901960784313725422e-03
1.100000000000000000e+01 2.000000000000000111e-01 1.000000000000000000e+00 8.100000000000000000e+01 3.010000000000000000e+02 1.077928845934579410e-01 9.422657952069717069e-02
0.000000000000000000e+00 5.000000000000000278e-02 2.000000000000000000e+00 6.400000000000000000e+01 1.280000000000000000e+02 7.521480223515863463e-03 3.267973856209150426e-03
1.000000000000000000e+00 5.000000000000000278e-02 2.000000000000000000e+00 1.140000000000000000e+02 2.180000000000000000e+02 4.539151324948815201e-03 2.723311546840958761e-03
2.000000000000000000e+00 5.000000000000000278e-02 2.000000000000000000e+00 6.700000000000000000e+01 1.230000000000000000e+02 3.772442537666637757e-03 3.812636165577342091e-03
3.000000000000000000e+00 5.000000000000000278e-02 2.000000000000000000e+00 1.660000000000000000e+02 3.020000000000000000e+02 2.924838602055183645e-01 4.471677559912853872e-01
4.000000000000000000e+00 5.000000000000000278e-02 2.000000000000000000e+00 1.610000000000000000e+02 3.010000000000000000e+02 3.992101379703790753e-01 7.391067538126361303e-01
5.000000000000000000e+00 5.000000000000000278e-02 2.000000000000000000e+00 1.660000000000000000e+02 3.010000000000000000e+02 7.058787019089475256e-01 8.050108932461873534e-01
6.000000000000000000e+00 5.000000000000000278e-02 2.000000000000000000e+00 1.690000000000000000e+02 3.010000000000000000e+02 nan 7.935729847494553679e-01
7.000000000000000000e+00 5.000000000000000278e-02 2.000000000000000000e+00 1.670000000000000000e+02 3.010000000000000000e+02 3.766666611078853255e-02 1.688453159041394466e-02
8.000000000000000000e+00 5.000000000000000278e-02 2.000000000000000000e+00 1.690000000000000000e+02 3.020000000000000000e+02 2.547893314017516952e-01 3.360566448801742823e-01
9.000000000000000000e+00 5.000000000000000278e-02 2.000000000000000000e+00 1.710000000000000000e+02 3.020000000000000000e+02 nan 7.935729847494553679e-01
1.000000000000000000e+01 5.000000000000000278e-02 2.000000000000000000e+00 8.600000000000000000e+01 1.530000000000000000e+02 1.351716099513010534e-02 5.446623093681917521e-03
1.100000000000000000e+01 5.000000000000000278e-02 2.000000000000000000e+00 1.690000000000000000e+02 3.020000000000000000e+02 5.404164085652107818e-02 3.322440087145969723e-02
0.000000000000000000e+00 1.000000000000000056e-01 2.000000000000000000e+00 1.050000000000000000e+02 1.920000000000000000e+02 6.441678955133237419e-03 4.357298474945534190e-03
1.000000000000000000e+00 1.000000000000000056e-01 2.000000000000000000e+00 7.500000000000000000e+01 1.340000000000000000e+02 5.382052453380099105e-03 3.267973856209150426e-03
2.000000000000000000e+00 1.000000000000000056e-01 2.000000000000000000e+00 2.800000000000000000e+01 4.900000000000000000e+01 5.847866780928573718e-03 3.812636165577342091e-03
3.000000000000000000e+00 1.000000000000000056e-01 2.000000000000000000e+00 1.690000000000000000e+02 3.010000000000000000e+02 2.970347993007653731e-01 4.580610021786492569e-01
4.000000000000000000e+00 1.000000000000000056e-01 2.000000000000000000e+00 1.680000000000000000e+02 3.020000000000000000e+02 3.990717837112432997e-01 7.391067538126361303e-01
5.000000000000000000e+00 1.000000000000000056e-01 2.000000000000000000e+00 1.600000000000000000e+02 3.010000000000000000e+02 7.063630302307819520e-01 8.050108932461873534e-01
6.000000000000000000e+00 1.000000000000000056e-01 2.000000000000000000e+00 1.710000000000000000e+02 3.020000000000000000e+02 nan 7.935729847494553679e-01
7.000000000000000000e+00 1.000000000000000056e-01 2.000000000000000000e+00 1.620000000000000000e+02 3.020000000000000000e+02 3.796937491157627992e-02 1.797385620915032539e-02
8.000000000000000000e+00 1.000000000000000056e-01 2.000000000000000000e+00 1.660000000000000000e+02 3.020000000000000000e+02 2.559742974341628896e-01 3.371459694989106803e-01
9.000000000000000000e+00 1.000000000000000056e-01 2.000000000000000000e+00 1.680000000000000000e+02 3.010000000000000000e+02 nan 7.935729847494553679e-01
1.000000000000000000e+01 1.000000000000000056e-01 2.000000000000000000e+00 1.100000000000000000e+02 2.000000000000000000e+02 1.183619368074400290e-02 4.901960784313725422e-03
1.100000000000000000e+01 1.000000000000000056e-01 2.000000000000000000e+00 1.650000000000000000e+02 3.010000000000000000e+02 5.507433181138183392e-02 3.322440087145969723e-02
0.000000000000000000e+00 1.500000000000000222e-01 2.000000000000000000e+00 4.600000000000000000e+01 8.300000000000000000e+01 9.437773856323610974e-03 4.357298474945534190e-03
1.000000000000000000e+00 1.500000000000000222e-01 2.000000000000000000e+00 4.400000000000000000e+01 7.900000000000000000e+01 6.463266568325689958e-03 2.723311546840958761e-03
2.000000000000000000e+00 1.500000000000000222e-01 2.000000000000000000e+00 2.700000000000000000e+01 4.900000000000000000e+01 4.815594066090730409e-03 2.178649237472767095e-03
3.000000000000000000e+00 1.500000000000000222e-01 2.000000000000000000e+00 1.660000000000000000e+02 3.020000000000000000e+02 3.032437745807036733e-01 4.842047930283224222e-01
4.000000000000000000e+00 1.500000000000000222e-01 2.000000000000000000e+00 1.600000000000000000e+02 3.010000000000000000e+02 3.992042310741279465e-01 7.401960784313725839e-01
5.000000000000000000e+00 1.500000000000000222e-01 2.000000000000000000e+00 1.630000000000000000e+02 3.020000000000000000e+02 7.060973957566935022e-01 8.050108932461873534e-01
6.000000000000000000e+00 1.500000000000000222e-01 2.000000000000000000e+00 1.700000000000000000e+02 3.010000000000000000e+02 nan 7.935729847494553679e-01
7.000000000000000000e+00 1.500000000000000222e-01 2.000000000000000000e+00 1.650000000000000000e+02 3.010000000000000000e+02 3.766332482522742608e-02 1.633986928104575256e-02
8.000000000000000000e+00 1.500000000000000222e-01 2.000000000000000000e+00 1.660000000000000000e+02 3.020000000000000000e+02 2.560006206850785060e-01 3.371459694989106803e-01
9.000000000000000000e+00 1.500000000000000222e-01 2.000000000000000000e+00 1.710000000000000000e+02 3.020000000000000000e+02 nan 7.935729847494553679e-01
1.000000000000000000e+01 1.500000000000000222e-01 2.000000000000000000e+00 1.250000000000000000e+02 2.350000000000000000e+02 1.121955737005541492e-02 4.357298474945534190e-03
1.100000000000000000e+01 1.500000000000000222e-01 2.000000000000000000e+00 1.600000000000000000e+02 3.020000000000000000e+02 5.585475271734032660e-02 3.322440087145969723e-02
0.000000000000000000e+00 2.000000000000000111e-01 2.000000000000000000e+00 7.300000000000000000e+01 1.410000000000000000e+02 7.025170295401003857e-03 2.723311546840958761e-03
1.000000000000000000e+00 2.000000000000000111e-01 2.000000000000000000e+00 6.100000000000000000e+01 1.210000000000000000e+02 5.301651246083507844e-03 1.633986928104575213e-03
2.000000000000000000e+00 2.000000000000000111e-01 2.000000000000000000e+00 5.300000000000000000e+01 1.010000000000000000e+02 5.052342649061819513e-03 5.446623093681917521e-03
3.000000000000000000e+00 2.000000000000000111e-01 2.000000000000000000e+00 1.520000000000000000e+02 3.010000000000000000e+02 3.064314897952328254e-01 4.950980392156862919e-01
4.000000000000000000e+00 2.000000000000000111e-01 2.000000000000000000e+00 1.570000000000000000e+02 3.010000000000000000e+02 3.992652968074231201e-01 7.412854030501089264e-01
5.000000000000000000e+00 2.000000000000000111e-01 2.000000000000000000e+00 1.690000000000000000e+02 3.010000000000000000e+02 7.056412723430854905e-01 8.050108932461873534e-01
6.000000000000000000e+00 2.000000000000000111e-01 2.000000000000000000e+00 6.400000000000000000e+01 1.140000000000000000e+02 1.474553181872489266e-02 1.470588235294117627e-02
7.000000000000000000e+00 2.000000000000000111e-01 2.000000000000000000e+00 1.670000000000000000e+02 3.020000000000000000e+02 3.727797935677094193e-02 1.688453159041394466e-02
8.000000000000000000e+00 2.000000000000000111e-01 2.000000000000000000e+00 1.690000000000000000e+02 3.010000000000000000e+02 2.547893279198462091e-01 3.366013071895425091e-01
9.000000000000000000e+00 2.000000000000000111e-01 2.000000000000000000e+00 1.710000000000000000e+02 3.020000000000000000e+02 nan 7.935729847494553679e-01
1.000000000000000000e+01 2.000000000000000111e-01 2.000000000000000000e+00 8.500000000000000000e+01 1.510000000000000000e+02 1.326221922792807095e-02 4.357298474945534190e-03
1.100000000000000000e+01 2.000000000000000111e-01 2.000000000000000000e+00 1.690000000000000000e+02 3.010000000000000000e+02 5.449994744127282381e-02 3.213507625272331303e-02
0.000000000000000000e+00 5.000000000000000278e-02 5.000000000000000000e+00 8.300000000000000000e+01 6.800000000000000000e+01 7.166179269832591986e-03 3.267973856209150426e-03
1.000000000000000000e+00 5.000000000000000278e-02 5.000000000000000000e+00 3.300000000000000000e+01 2.700000000000000000e+01 7.063946780292757258e-03 3.812636165577342091e-03
2.000000000000000000e+00 5.000000000000000278e-02 5.000000000000000000e+00 7.700000000000000000e+01 6.300000000000000000e+01 3.760532863110894412e-03 3.267973856209150426e-03
3.000000000000000000e+00 5.000000000000000278e-02 5.000000000000000000e+00 3.740000000000000000e+02 3.010000000000000000e+02 nan 7.935729847494553679e-01
4.000000000000000000e+00 5.000000000000000278e-02 5.000000000000000000e+00 3.670000000000000000e+02 3.010000000000000000e+02 3.651764947011413853e-01 5.490196078431373028e-01
5.000000000000000000e+00 5.000000000000000278e-02 5.000000000000000000e+00 3.670000000000000000e+02 3.010000000000000000e+02 5.398079337475465422e-01 8.017429193899782147e-01
6.000000000000000000e+00 5.000000000000000278e-02 5.000000000000000000e+00 3.720000000000000000e+02 3.010000000000000000e+02 nan 7.935729847494553679e-01
7.000000000000000000e+00 5.000000000000000278e-02 5.000000000000000000e+00 3.100000000000000000e+02 2.550000000000000000e+02 2.067005044594471055e-02 7.080610021786492084e-03
8.000000000000000000e+00 5.000000000000000278e-02 5.000000000000000000e+00 3.660000000000000000e+02 3.010000000000000000e+02 1.422184002393281077e-01 1.367102396514161267e-01
9.000000000000000000e+00 5.000000000000000278e-02 5.000000000000000000e+00 3.730000000000000000e+02 3.010000000000000000e+02 nan 7.935729847494553679e-01
1.000000000000000000e+01 5.000000000000000278e-02 5.000000000000000000e+00 1.640000000000000000e+02 1.380000000000000000e+02 9.583526121730266689e-03 3.812636165577342091e-03
1.100000000000000000e+01 5.000000000000000278e-02 5.000000000000000000e+00 3.670000000000000000e+02 3.010000000000000000e+02 2.741351920339923920e-02 8.714596949891068381e-03
0.000000000000000000e+00 1.000000000000000056e-01 5.000000000000000000e+00 8.100000000000000000e+01 6.600000000000000000e+01 6.863592291426065528e-03 2.178649237472767095e-03
1.000000000000000000e+00 1.000000000000000056e-01 5.000000000000000000e+00 1.100000000000000000e+02 9.000000000000000000e+01 4.583231993974746371e-03 3.267973856209150426e-03
2.000000000000000000e+00 1.000000000000000056e-01 5.000000000000000000e+00 4.500000000000000000e+01 3.600000000000000000e+01 3.357348138920409480e-03 2.723311546840958761e-03
3.000000000000000000e+00 1.000000000000000056e-01 5.000000000000000000e+00 3.720000000000000000e+02 3.010000000000000000e+02 nan 7.935729847494553679e-01
4.000000000000000000e+00 1.000000000000000056e-01 5.000000000000000000e+00 3.670000000000000000e+02 3.010000000000000000e+02 3.657319638920769611e-01 5.484749455337690760e-01
5.000000000000000000e+00 1.000000000000000056e-01 5.000000000000000000e+00 3.670000000000000000e+02 3.010000000000000000e+02 5.397300983921101691e-01 8.017429193899782147e-01
6.000000000000000000e+00 1.000000000000000056e-01 5.000000000000000000e+00 3.720000000000000000e+02 3.010000000000000000e+02 nan 7.935729847494553679e-01
7.000000000000000000e+00 1.000000000000000056e-01 5.000000000000000000e+00 2.110000000000000000e+02 1.730000000000000000e+02 2.626316792157385241e-02 9.803921568627450844e-03
8.000000000000000000e+00 1.000000000000000056e-01 5.000000000000000000e+00 3.650000000000000000e+02 3.010000000000000000e+02 1.424046080358511712e-01 1.367102396514161267e-01
9.000000000000000000e+00 1.000000000000000056e-01 5.000000000000000000e+00 3.700000000000000000e+02 3.010000000000000000e+02 nan 7.935729847494553679e-01
1.000000000000000000e+01 1.000000000000000056e-01 5.000000000000000000e+00 1.460000000000000000e+02 1.200000000000000000e+02 9.615969169615819906e-03 3.267973856209150426e-03
1.100000000000000000e+01 1.000000000000000056e-01 5.000000000000000000e+00 3.660000000000000000e+02 3.010000000000000000e+02 2.740909024779753303e-02 8.714596949891068381e-03
0.000000000000000000e+00 1.500000000000000222e-01 5.000000000000000000e+00 7.200000000000000000e+01 5.900000000000000000e+01 7.700016572118124208e-03 2.178649237472767095e-03
1.000000000000000000e+00 1.500000000000000222e-01 5.000000000000000000e+00 8.200000000000000000e+01 6.700000000000000000e+01 4.889574043911791568e-03 2.178649237472767095e-03
2.000000000000000000e+00 1.500000000000000222e-01 5.000000000000000000e+00 2.400000000000000000e+01 1.900000000000000000e+01 5.580827902959733904e-03 4.901960784313725422e-03
3.000000000000000000e+00 1.500000000000000222e-01 5.000000000000000000e+00 3.720000000000000000e+02 3.010000000000000000e+02 nan 7.935729847494553679e-01
4.000000000000000000e+00 1.500000000000000222e-01 5.000000000000000000e+00 3.670000000000000000e+02 3.010000000000000000e+02 3.663156181280140533e-01 5.452069716775599373e-01
5.000000000000000000e+00 1.500000000000000222e-01 5.000000000000000000e+00 3.670000000000000000e+02 3.010000000000000000e+02 5.397289687935759028e-01 8.017429193899782147e-01
6.000000000000000000e+00 1.500000000000000222e-01 5.000000000000000000e+00 3.720000000000000000e+02 3.010000000000000000e+02 nan 7.935729847494553679e-01
7.000000000000000000e+00 1.500000000000000222e-01 5.000000000000000000e+00 2.660000000000000000e+02 2.180000000000000000e+02 2.202087180761533314e-02 7.080610021786492084e-03
8.000000000000000000e+00 1.500000000000000222e-01 5.000000000000000000e+00 3.660000000000000000e+02 3.010000000000000000e+02 1.421694234588227190e-01 1.361655773420479276e-01
9.000000000000000000e+00 1.500000000000000222e-01 5.000000000000000000e+00 3.720000000000000000e+02 3.010000000000000000e+02 nan 7.935729847494553679e-01
1.000000000000000000e+01 1.500000000000000222e-01 5.000000000000000000e+00 1.100000000000000000e+02 9.000000000000000000e+01 1.151825182340506307e-02 3.812636165577342091e-03
1.100000000000000000e+01 1.500000000000000222e-01 5.000000000000000000e+00 3.660000000000000000e+02 3.010000000000000000e+02 2.732857290364512290e-02 8.169934640522876282e-03
0.000000000000000000e+00 2.000000000000000111e-01 5.000000000000000000e+00 7.800000000000000000e+01 6.300000000000000000e+01 8.397323510306016134e-03 2.723311546840958761e-03
1.000000000000000000e+00 2.000000000000000111e-01 5.000000000000000000e+00 4.800000000000000000e+01 3.900000000000000000e+01 5.803338319431159374e-03 2.723311546840958761e-03
2.000000000000000000e+00 2.000000000000000111e-01 5.000000000000000000e+00 7.200000000000000000e+01 5.900000000000000000e+01 4.565926795600885185e-03 3.812636165577342091e-03
3.000000000000000000e+00 2.000000000000000111e-01 5.000000000000000000e+00 3.690000000000000000e+02 3.010000000000000000e+02 nan 7.935729847494553679e-01
4.000000000000000000e+00 2.000000000000000111e-01 5.000000000000000000e+00 3.670000000000000000e+02 3.010000000000000000e+02 3.669201388983782675e-01 5.484749455337690760e-01
5.000000000000000000e+00 2.000000000000000111e-01 5.000000000000000000e+00 3.670000000000000000e+02 3.010000000000000000e+02 5.396458130119158314e-01 8.017429193899782147e-01
6.000000000000000000e+00 2.000000000000000111e-01 5.000000000000000000e+00 3.720000000000000000e+02 3.010000000000000000e+02 nan 7.935729847494553679e-01
7.000000000000000000e+00 2.000000000000000111e-01 5.000000000000000000e+00 3.660000000000000000e+02 3.010000000000000000e+02 1.888075706874631221e-02 8.169934640522876282e-03
8.000000000000000000e+00 2.000000000000000111e-01 5.000000000000000000e+00 3.660000000000000000e+02 3.010000000000000000e+02 1.422262683594227584e-01 1.367102396514161267e-01
9.000000000000000000e+00 2.000000000000000111e-01 5.000000000000000000e+00 3.720000000000000000e+02 3.010000000000000000e+02 nan 7.935729847494553679e-01
1.000000000000000000e+01 2.000000000000000111e-01 5.000000000000000000e+00 1.000000000000000000e+02 8.200000000000000000e+01 1.169442302263437768e-02 4.357298474945534190e-03
1.100000000000000000e+01 2.000000000000000111e-01 5.000000000000000000e+00 3.660000000000000000e+02 3.010000000000000000e+02 2.740991979554248739e-02 8.714596949891068381e-03
0.000000000000000000e+00 5.000000000000000278e-02 1.000000000000000000e+01 1.740000000000000000e+02 8.400000000000000000e+01 4.890412161923186028e-03 2.723311546840958761e-03
1.000000000000000000e+00 5.000000000000000278e-02 1.000000000000000000e+01 5.900000000000000000e+01 2.800000000000000000e+01 5.825882222928034648e-03 2.723311546840958761e-03
2.000000000000000000e+00 5.000000000000000278e-02 1.000000000000000000e+01 3.600000000000000000e+01 1.700000000000000000e+01 4.432941369350746307e-03 1.633986928104575213e-03
3.000000000000000000e+00 5.000000000000000278e-02 1.000000000000000000e+01 6.350000000000000000e+02 3.010000000000000000e+02 nan 7.935729847494553679e-01
4.000000000000000000e+00 5.000000000000000278e-02 1.000000000000000000e+01 6.180000000000000000e+02 3.010000000000000000e+02 3.437801996902226098e-01 5.049019607843137081e-01
5.000000000000000000e+00 5.000000000000000278e-02 1.000000000000000000e+01 6.190000000000000000e+02 3.010000000000000000e+02 4.389398570876697492e-01 7.913943355119825718e-01
6.000000000000000000e+00 5.000000000000000278e-02 1.000000000000000000e+01 6.260000000000000000e+02 3.010000000000000000e+02 nan 7.935729847494553679e-01
7.000000000000000000e+00 5.000000000000000278e-02 1.000000000000000000e+01 1.730000000000000000e+02 8.400000000000000000e+01 1.920680109787049200e-02 5.446623093681917521e-03
8.000000000000000000e+00 5.000000000000000278e-02 1.000000000000000000e+01 6.180000000000000000e+02 3.010000000000000000e+02 7.714934822054385355e-02 6.045751633986928136e-02
9.000000000000000000e+00 5.000000000000000278e-02 1.000000000000000000e+01 6.340000000000000000e+02 3.010000000000000000e+02 nan 7.935729847494553679e-01
1.000000000000000000e+01 5.000000000000000278e-02 1.000000000000000000e+01 1.320000000000000000e+02 6.400000000000000000e+01 7.525815010600048552e-03 2.723311546840958761e-03
1.100000000000000000e+01 5.000000000000000278e-02 1.000000000000000000e+01 6.180000000000000000e+02 3.010000000000000000e+02 1.704793883165926435e-02 5.446623093681917521e-03
0.000000000000000000e+00 1.000000000000000056e-01 1.000000000000000000e+01 1.210000000000000000e+02 5.800000000000000000e+01 6.986045839166867694e-03 3.812636165577342091e-03
1.000000000000000000e+00 1.000000000000000056e-01 1.000000000000000000e+01 3.000000000000000000e+01 1.400000000000000000e+01 6.693973827894237304e-03 2.723311546840958761e-03
2.000000000000000000e+00 1.000000000000000056e-01 1.000000000000000000e+01 4.100000000000000000e+01 1.900000000000000000e+01 4.142634858641576316e-03 2.723311546840958761e-03
3.000000000000000000e+00 1.000000000000000056e-01 1.000000000000000000e+01 6.350000000000000000e+02 3.010000000000000000e+02 nan 7.935729847494553679e-01
4.000000000000000000e+00 1.000000000000000056e-01 1.000000000000000000e+01 6.190000000000000000e+02 3.010000000000000000e+02 3.435204569170249300e-01 5.065359477124182774e-01
5.000000000000000000e+00 1.000000000000000056e-01 1.000000000000000000e+01 6.180000000000000000e+02 3.010000000000000000e+02 4.389238515317130385e-01 7.913943355119825718e-01
6.000000000000000000e+00 1.000000000000000056e-01 1.000000000000000000e+01 6.340000000000000000e+02 3.010000000000000000e+02 nan 7.935729847494553679e-01
7.000000000000000000e+00 1.000000000000000056e-01 1.000000000000000000e+01 2.350000000000000000e+02 1.140000000000000000e+02 1.668525813711355457e-02 4.357298474945534190e-03
8.000000000000000000e+00 1.000000000000000056e-01 1.000000000000000000e+01 6.180000000000000000e+02 3.010000000000000000e+02 7.713829107707195765e-02 6.100217864923747346e-02
9.000000000000000000e+00 1.000000000000000056e-01 1.000000000000000000e+01 6.340000000000000000e+02 3.010000000000000000e+02 nan 7.935729847494553679e-01
1.000000000000000000e+01 1.000000000000000056e-01 1.000000000000000000e+01 2.090000000000000000e+02 1.010000000000000000e+02 6.125078006829019067e-03 2.723311546840958761e-03
1.100000000000000000e+01 1.000000000000000056e-01 1.000000000000000000e+01 6.180000000000000000e+02 3.010000000000000000e+02 1.716475635022121637e-02 5.446623093681917521e-03
0.000000000000000000e+00 1.500000000000000222e-01 1.000000000000000000e+01 9.000000000000000000e+01 4.400000000000000000e+01 6.261221942735323807e-03 2.178649237472767095e-03
1.000000000000000000e+00 1.500000000000000222e-01 1.000000000000000000e+01 3.600000000000000000e+01 2.000000000000000000e+01 6.663806857221116556e-03 2.723311546840958761e-03
2.000000000000000000e+00 1.500000000000000222e-01 1.000000000000000000e+01 6.500000000000000000e+01 3.100000000000000000e+01 4.244180038449059215e-03 3.267973856209150426e-03
3.000000000000000000e+00 1.500000000000000222e-01 1.000000000000000000e+01 6.350000000000000000e+02 3.010000000000000000e+02 nan 7.935729847494553679e-01
4.000000000000000000e+00 1.500000000000000222e-01 1.000000000000000000e+01 6.190000000000000000e+02 3.010000000000000000e+02 3.434432670863359904e-01 5.054466230936819349e-01
5.000000000000000000e+00 1.500000000000000222e-01 1.000000000000000000e+01 6.180000000000000000e+02 3.010000000000000000e+02 4.388716270632423422e-01 7.913943355119825718e-01
6.000000000000000000e+00 1.500000000000000222e-01 1.000000000000000000e+01 6.340000000000000000e+02 3.010000000000000000e+02 nan 7.935729847494553679e-01
7.000000000000000000e+00 1.500000000000000222e-01 1.000000000000000000e+01 2.710000000000000000e+02 1.320000000000000000e+02 1.537593908264536791e-02 3.812636165577342091e-03
8.000000000000000000e+00 1.500000000000000222e-01 1.000000000000000000e+01 6.180000000000000000e+02 3.010000000000000000e+02 7.711938315249609877e-02 6.045751633986928136e-02
9.000000000000000000e+00 1.500000000000000222e-01 1.000000000000000000e+01 6.330000000000000000e+02 3.010000000000000000e+02 nan 7.935729847494553679e-01
1.000000000000000000e+01 1.500000000000000222e-01 1.000000000000000000e+01 1.280000000000000000e+02 6.200000000000000000e+01 7.002794647985038576e-03 2.178649237472767095e-03
1.100000000000000000e+01 1.500000000000000222e-01 1.000000000000000000e+01 6.170000000000000000e+02 3.010000000000000000e+02 1.707457449024715745e-02 4.901960784313725422e-03
0.000000000000000000e+00 2.000000000000000111e-01 1.000000000000000000e+01 4.800000000000000000e+01 2.300000000000000000e+01 8.765618480502000362e-03 4.357298474945534190e-03
1.000000000000000000e+00 2.000000000000000111e-01 1.000000000000000000e+01 7.600000000000000000e+01 3.700000000000000000e+01 5.104959732802303272e-03 2.723311546840958761e-03
2.000000000000000000e+00 2.000000000000000111e-01 1.000000000000000000e+01 3.500000000000000000e+01 1.700000000000000000e+01 4.998269986872567669e-03 3.267973856209150426e-03
3.000000000000000000e+00 2.000000000000000111e-01 1.000000000000000000e+01 6.340000000000000000e+02 3.010000000000000000e+02 nan 7.935729847494553679e-01
4.000000000000000000e+00 2.000000000000000111e-01 1.000000000000000000e+01 6.180000000000000000e+02 3.010000000000000000e+02 3.433195069266695154e-01 5.054466230936819349e-01
5.000000000000000000e+00 2.000000000000000111e-01 1.000000000000000000e+01 6.180000000000000000e+02 3.010000000000000000e+02 4.388286465914118528e-01 7.913943355119825718e-01
6.000000000000000000e+00 2.000000000000000111e-01 1.000000000000000000e+01 6.260000000000000000e+02 3.010000000000000000e+02 nan 7.935729847494553679e-01
7.000000000000000000e+00 2.000000000000000111e-01 1.000000000000000000e+01 4.970000000000000000e+02 2.420000000000000000e+02 1.226260543147317597e-02 3.267973856209150426e-03
8.000000000000000000e+00 2.000000000000000111e-01 1.000000000000000000e+01 6.180000000000000000e+02 3.010000000000000000e+02 7.717048683491586902e-02 6.045751633986928136e-02
9.000000000000000000e+00 2.000000000000000111e-01 1.000000000000000000e+01 6.330000000000000000e+02 3.010000000000000000e+02 nan 7.935729847494553679e-01
1.000000000000000000e+01 2.000000000000000111e-01 1.000000000000000000e+01 6.100000000000000000e+01 2.900000000000000000e+01 9.237532378253213161e-03 2.723311546840958761e-03
1.100000000000000000e+01 2.000000000000000111e-01 1.000000000000000000e+01 6.170000000000000000e+02 3.010000000000000000e+02 1.723555357046255634e-02 5.446623093681917521e-03
0.000000000000000000e+00 5.000000000000000278e-02 2.000000000000000000e+01 1.040000000000000000e+02 3.300000000000000000e+01 5.897009378142209317e-03 1.089324618736383548e-03
1.000000000000000000e+00 5.000000000000000278e-02 2.000000000000000000e+01 5.100000000000000000e+01 1.600000000000000000e+01 6.311393014204870131e-03 3.267973856209150426e-03
2.000000000000000000e+00 5.000000000000000278e-02 2.000000000000000000e+01 1.300000000000000000e+01 4.000000000000000000e+00 1.987192803159083462e-02 1.252723311546840960e-02
3.000000000000000000e+00 5.000000000000000278e-02 2.000000000000000000e+01 9.680000000000000000e+02 3.010000000000000000e+02 nan 7.935729847494553679e-01
4.000000000000000000e+00 5.000000000000000278e-02 2.000000000000000000e+01 9.310000000000000000e+02 3.010000000000000000e+02 2.857114627884120850e-01 4.068627450980392135e-01
5.000000000000000000e+00 5.000000000000000278e-02 2.000000000000000000e+01 9.310000000000000000e+02 3.010000000000000000e+02 3.964990948349145783e-01 7.587145969498910736e-01
6.000000000000000000e+00 5.000000000000000278e-02 2.000000000000000000e+01 9.680000000000000000e+02 3.010000000000000000e+02 nan 7.935729847494553679e-01
7.000000000000000000e+00 5.000000000000000278e-02 2.000000000000000000e+01 9.300000000000000000e+01 3.000000000000000000e+01 1.886477625895696328e-02 4.901960784313725422e-03
8.000000000000000000e+00 5.000000000000000278e-02 2.000000000000000000e+01 9.300000000000000000e+02 3.010000000000000000e+02 4.932571892473156666e-02 2.777777777777777624e-02
9.000000000000000000e+00 5.000000000000000278e-02 2.000000000000000000e+01 9.660000000000000000e+02 3.010000000000000000e+02 nan 7.935729847494553679e-01
1.000000000000000000e+01 5.000000000000000278e-02 2.000000000000000000e+01 6.600000000000000000e+01 2.100000000000000000e+01 1.041066786832037759e-02 4.901960784313725422e-03
1.100000000000000000e+01 5.000000000000000278e-02 2.000000000000000000e+01 5.990000000000000000e+02 1.930000000000000000e+02 1.515864010867044691e-02 4.357298474945534190e-03
0.000000000000000000e+00 1.000000000000000056e-01 2.000000000000000000e+01 1.030000000000000000e+02 3.300000000000000000e+01 6.996915117736046859e-03 5.446623093681917521e-03
1.000000000000000000e+00 1.000000000000000056e-01 2.000000000000000000e+01 2.800000000000000000e+01 9.000000000000000000e+00 8.413420335626977178e-03 2.723311546840958761e-03
2.000000000000000000e+00 1.000000000000000056e-01 2.000000000000000000e+01 1.300000000000000000e+01 4.000000000000000000e+00 1.434141302190893724e-02 8.714596949891068381e-03
3.000000000000000000e+00 1.000000000000000056e-01 2.000000000000000000e+01 9.530000000000000000e+02 3.010000000000000000e+02 nan 7.935729847494553679e-01
4.000000000000000000e+00 1.000000000000000056e-01 2.000000000000000000e+01 9.310000000000000000e+02 3.010000000000000000e+02 2.830349275600683168e-01 3.970588235294117418e-01
5.000000000000000000e+00 1.000000000000000056e-01 2.000000000000000000e+01 9.320000000000000000e+02 3.010000000000000000e+02 3.964894296636703452e-01 7.581699346405228468e-01
6.000000000000000000e+00 1.000000000000000056e-01 2.000000000000000000e+01 9.670000000000000000e+02 3.010000000000000000e+02 nan 7.935729847494553679e-01
7.000000000000000000e+00 1.000000000000000056e-01 2.000000000000000000e+01 7.500000000000000000e+01 2.400000000000000000e+01 2.095852388371850783e-02 5.446623093681917521e-03
8.000000000000000000e+00 1.000000000000000056e-01 2.000000000000000000e+01 9.300000000000000000e+02 3.010000000000000000e+02 4.929044538140002485e-02 2.777777777777777624e-02
9.000000000000000000e+00 1.000000000000000056e-01 2.000000000000000000e+01 9.660000000000000000e+02 3.010000000000000000e+02 nan 7.935729847494553679e-01
1.000000000000000000e+01 1.000000000000000056e-01 2.000000000000000000e+01 1.550000000000000000e+02 5.000000000000000000e+01 7.212602890706018739e-03 4.357298474945534190e-03
1.100000000000000000e+01 1.000000000000000056e-01 2.000000000000000000e+01 5.490000000000000000e+02 1.770000000000000000e+02 1.574110993056563809e-02 4.901960784313725422e-03
0.000000000000000000e+00 1.500000000000000222e-01 2.000000000000000000e+01 1.150000000000000000e+02 3.700000000000000000e+01 5.726912751254822909e-03 1.633986928104575213e-03
1.000000000000000000e+00 1.500000000000000222e-01 2.000000000000000000e+01 4.000000000000000000e+01 1.200000000000000000e+01 7.036862645675830141e-03 2.723311546840958761e-03
2.000000000000000000e+00 1.500000000000000222e-01 2.000000000000000000e+01 4.300000000000000000e+01 1.300000000000000000e+01 5.247575930159122451e-03 3.267973856209150426e-03
3.000000000000000000e+00 1.500000000000000222e-01 2.000000000000000000e+01 8.900000000000000000e+02 3.010000000000000000e+02 nan 7.935729847494553679e-01
4.000000000000000000e+00 1.500000000000000222e-01 2.000000000000000000e+01 8.890000000000000000e+02 3.010000000000000000e+02 2.805050836923422830e-01 3.867102396514160989e-01
5.000000000000000000e+00 1.500000000000000222e-01 2.000000000000000000e+01 9.370000000000000000e+02 3.010000000000000000e+02 3.964802473297734386e-01 7.581699346405228468e-01
6.000000000000000000e+00 1.500000000000000222e-01 2.000000000000000000e+01 9.710000000000000000e+02 3.010000000000000000e+02 nan 7.935729847494553679e-01
7.000000000000000000e+00 1.500000000000000222e-01 2.000000000000000000e+01 2.100000000000000000e+02 6.600000000000000000e+01 1.545939529637635479e-02 4.901960784313725422e-03
8.000000000000000000e+00 1.500000000000000222e-01 2.000000000000000000e+01 9.430000000000000000e+02 3.010000000000000000e+02 4.902050622705017568e-02 2.777777777777777624e-02
9.000000000000000000e+00 1.500000000000000222e-01 2.000000000000000000e+01 9.640000000000000000e+02 3.010000000000000000e+02 nan 7.935729847494553679e-01
1.000000000000000000e+01 1.500000000000000222e-01 2.000000000000000000e+01 1.600000000000000000e+02 5.100000000000000000e+01 7.700455352364769454e-03 4.357298474945534190e-03
1.100000000000000000e+01 1.500000000000000222e-01 2.000000000000000000e+01 6.330000000000000000e+02 2.010000000000000000e+02 1.488856440558140523e-02 4.901960784313725422e-03
0.000000000000000000e+00 2.000000000000000111e-01 2.000000000000000000e+01 7.300000000000000000e+01 2.300000000000000000e+01 6.962490228324871161e-03 2.723311546840958761e-03
1.000000000000000000e+00 2.000000000000000111e-01 2.000000000000000000e+01 1.140000000000000000e+02 3.600000000000000000e+01 4.564445486575762628e-03 1.633986928104575213e-03
2.000000000000000000e+00 2.000000000000000111e-01 2.000000000000000000e+01 2.700000000000000000e+01 8.000000000000000000e+00 6.853803894726768695e-03 5.446623093681917521e-03
3.000000000000000000e+00 2.000000000000000111e-01 2.000000000000000000e+01 9.860000000000000000e+02 3.010000000000000000e+02 nan 7.935729847494553679e-01
4.000000000000000000e+00 2.000000000000000111e-01 2.000000000000000000e+01 9.440000000000000000e+02 3.010000000000000000e+02 2.770397173417436520e-01 3.823529411764705621e-01
5.000000000000000000e+00 2.000000000000000111e-01 2.000000000000000000e+01 9.490000000000000000e+02 3.010000000000000000e+02 3.964331447352272275e-01 7.576252723311547310e-01
6.000000000000000000e+00 2.000000000000000111e-01 2.000000000000000000e+01 9.810000000000000000e+02 3.010000000000000000e+02 nan 7.935729847494553679e-01
7.000000000000000000e+00 2.000000000000000111e-01 2.000000000000000000e+01 1.640000000000000000e+02 5.200000000000000000e+01 1.671035411656801931e-02 4.901960784313725422e-03
8.000000000000000000e+00 2.000000000000000111e-01 2.000000000000000000e+01 9.440000000000000000e+02 3.010000000000000000e+02 4.907490582180612515e-02 2.777777777777777624e-02
9.000000000000000000e+00 2.000000000000000111e-01 2.000000000000000000e+01 9.850000000000000000e+02 3.010000000000000000e+02 nan 7.935729847494553679e-01
1.000000000000000000e+01 2.000000000000000111e-01 2.000000000000000000e+01 1.070000000000000000e+02 3.300000000000000000e+01 7.560547341446972186e-03 2.723311546840958761e-03
1.100000000000000000e+01 2.000000000000000111e-01 2.000000000000000000e+01 9.500000000000000000e+02 3.010000000000000000e+02 1.273688935001219755e-02 2.178649237472767095e-03
0.000000000000000000e+00 5.000000000000000278e-02 5.000000000000000000e+01 1.900000000000000000e+01 1.600000000000000000e+01 1.844459735682122889e-02 6.535947712418300852e-03
1.000000000000000000e+00 5.000000000000000278e-02 5.000000000000000000e+01 4.200000000000000000e+01 3.700000000000000000e+01 9.195294209624305451e-03 2.178649237472767095e-03
2.000000000000000000e+00 5.000000000000000278e-02 5.000000000000000000e+01 3.530000000000000000e+02 3.010000000000000000e+02 nan 7.935729847494553679e-01
3.000000000000000000e+00 5.000000000000000278e-02 5.000000000000000000e+01 3.560000000000000000e+02 3.010000000000000000e+02 nan 7.935729847494553679e-01
4.000000000000000000e+00 5.000000000000000278e-02 5.000000000000000000e+01 3.910000000000000000e+02 3.010000000000000000e+02 nan 7.935729847494553679e-01
5.000000000000000000e+00 5.000000000000000278e-02 5.000000000000000000e+01 3.380000000000000000e+02 3.010000000000000000e+02 3.719988105149525937e-01 5.898692810457516478e-01
6.000000000000000000e+00 5.000000000000000278e-02 5.000000000000000000e+01 3.520000000000000000e+02 3.010000000000000000e+02 nan 7.935729847494553679e-01
7.000000000000000000e+00 5.000000000000000278e-02 5.000000000000000000e+01 3.530000000000000000e+02 3.010000000000000000e+02 nan 7.935729847494553679e-01
8.000000000000000000e+00 5.000000000000000278e-02 5.000000000000000000e+01 3.340000000000000000e+02 3.010000000000000000e+02 5.162739469538260573e-02 2.832244008714596833e-02
9.000000000000000000e+00 5.000000000000000278e-02 5.000000000000000000e+01 3.540000000000000000e+02 3.010000000000000000e+02 nan 7.935729847494553679e-01
1.000000000000000000e+01 5.000000000000000278e-02 5.000000000000000000e+01 3.520000000000000000e+02 3.010000000000000000e+02 nan 7.935729847494553679e-01
1.100000000000000000e+01 5.000000000000000278e-02 5.000000000000000000e+01 3.370000000000000000e+02 3.010000000000000000e+02 1.609036150765048856e-02 5.991285403050108753e-03
0.000000000000000000e+00 1.000000000000000056e-01 5.000000000000000000e+01 4.800000000000000000e+01 4.300000000000000000e+01 8.844967559368683771e-03 3.812636165577342091e-03
1.000000000000000000e+00 1.000000000000000056e-01 5.000000000000000000e+01 2.300000000000000000e+01 2.000000000000000000e+01 1.252170182390719387e-02 4.357298474945534190e-03
2.000000000000000000e+00 1.000000000000000056e-01 5.000000000000000000e+01 3.510000000000000000e+02 3.010000000000000000e+02 nan 7.935729847494553679e-01
3.000000000000000000e+00 1.000000000000000056e-01 5.000000000000000000e+01 3.550000000000000000e+02 3.010000000000000000e+02 nan 7.935729847494553679e-01
4.000000000000000000e+00 1.000000000000000056e-01 5.000000000000000000e+01 3.520000000000000000e+02 3.010000000000000000e+02 nan 7.935729847494553679e-01
5.000000000000000000e+00 1.000000000000000056e-01 5.000000000000000000e+01 3.370000000000000000e+02 3.010000000000000000e+02 3.720562749995589558e-01 5.909586056644879903e-01
6.000000000000000000e+00 1.000000000000000056e-01 5.000000000000000000e+01 3.900000000000000000e+02 3.010000000000000000e+02 nan 7.935729847494553679e-01
7.000000000000000000e+00 1.000000000000000056e-01 5.000000000000000000e+01 3.540000000000000000e+02 3.010000000000000000e+02 nan 7.935729847494553679e-01
8.000000000000000000e+00 1.000000000000000056e-01 5.000000000000000000e+01 3.330000000000000000e+02 3.010000000000000000e+02 5.169829574909835107e-02 2.886710239651416043e-02
9.000000000000000000e+00 1.000000000000000056e-01 5.000000000000000000e+01 3.540000000000000000e+02 3.010000000000000000e+02 nan 7.935729847494553679e-01
1.000000000000000000e+01 1.000000000000000056e-01 5.000000000000000000e+01 3.510000000000000000e+02 3.010000000000000000e+02 nan 7.935729847494553679e-01
1.100000000000000000e+01 1.000000000000000056e-01 5.000000000000000000e+01 2.570000000000000000e+02 2.300000000000000000e+02 1.886505032964575640e-02 5.991285403050108753e-03
0.000000000000000000e+00 1.500000000000000222e-01 5.000000000000000000e+01 3.000000000000000000e+01 2.700000000000000000e+01 1.260693649868231160e-02 3.267973856209150426e-03
1.000000000000000000e+00 1.500000000000000222e-01 5.000000000000000000e+01 9.000000000000000000e+01 8.000000000000000000e+01 5.928993040663257941e-03 1.633986928104575213e-03
2.000000000000000000e+00 1.500000000000000222e-01 5.000000000000000000e+01 3.510000000000000000e+02 3.010000000000000000e+02 3.650139432849626164e-01 4.449891067538126466e-01
3.000000000000000000e+00 1.500000000000000222e-01 5.000000000000000000e+01 3.550000000000000000e+02 3.010000000000000000e+02 nan 7.935729847494553679e-01
4.000000000000000000e+00 1.500000000000000222e-01 5.000000000000000000e+01 3.540000000000000000e+02 3.010000000000000000e+02 nan 7.935729847494553679e-01
5.000000000000000000e+00 1.500000000000000222e-01 5.000000000000000000e+01 3.370000000000000000e+02 3.010000000000000000e+02 3.721131700761841632e-01 5.909586056644879903e-01
6.000000000000000000e+00 1.500000000000000222e-01 5.000000000000000000e+01 3.520000000000000000e+02 3.010000000000000000e+02 nan 7.935729847494553679e-01
7.000000000000000000e+00 1.500000000000000222e-01 5.000000000000000000e+01 3.530000000000000000e+02 3.010000000000000000e+02 nan 7.935729847494553679e-01
8.000000000000000000e+00 1.500000000000000222e-01 5.000000000000000000e+01 3.720000000000000000e+02 3.010000000000000000e+02 4.955007614804207011e-02 2.723311546840958761e-02
9.000000000000000000e+00 1.500000000000000222e-01 5.000000000000000000e+01 3.520000000000000000e+02 3.010000000000000000e+02 nan 7.935729847494553679e-01
1.000000000000000000e+01 1.500000000000000222e-01 5.000000000000000000e+01 3.540000000000000000e+02 3.010000000000000000e+02 nan 7.935729847494553679e-01
1.100000000000000000e+01 1.500000000000000222e-01 5.000000000000000000e+01 3.360000000000000000e+02 3.010000000000000000e+02 1.626486901712685326e-02 5.446623093681917521e-03
0.000000000000000000e+00 2.000000000000000111e-01 5.000000000000000000e+01 5.000000000000000000e+01 4.500000000000000000e+01 8.721265833937790965e-03 4.357298474945534190e-03
1.000000000000000000e+00 2.000000000000000111e-01 5.000000000000000000e+01 6.300000000000000000e+01 5.600000000000000000e+01 7.816797884853506767e-03 2.178649237472767095e-03
2.000000000000000000e+00 2.000000000000000111e-01 5.000000000000000000e+01 7.700000000000000000e+01 6.900000000000000000e+01 7.919314852467791016e-03 5.446623093681917521e-03
3.000000000000000000e+00 2.000000000000000111e-01 5.000000000000000000e+01 3.550000000000000000e+02 3.010000000000000000e+02 nan 7.935729847494553679e-01
4.000000000000000000e+00 2.000000000000000111e-01 5.000000000000000000e+01 3.520000000000000000e+02 3.010000000000000000e+02 nan 7.935729847494553679e-01
5.000000000000000000e+00 2.000000000000000111e-01 5.000000000000000000e+01 3.370000000000000000e+02 3.010000000000000000e+02 3.721693392344687101e-01 5.898692810457516478e-01
6.000000000000000000e+00 2.000000000000000111e-01 5.000000000000000000e+01 3.510000000000000000e+02 3.010000000000000000e+02 nan 7.935729847494553679e-01
7.000000000000000000e+00 2.000000000000000111e-01 5.000000000000000000e+01 3.540000000000000000e+02 3.010000000000000000e+02 nan 7.935729847494553679e-01
8.000000000000000000e+00 2.000000000000000111e-01 5.000000000000000000e+01 3.330000000000000000e+02 3.010000000000000000e+02 5.173547571206447288e-02 2.886710239651416043e-02
9.000000000000000000e+00 2.000000000000000111e-01 5.000000000000000000e+01 3.540000000000000000e+02 3.010000000000000000e+02 nan 7.935729847494553679e-01
1.000000000000000000e+01 2.000000000000000111e-01 5.000000000000000000e+01 3.890000000000000000e+02 3.010000000000000000e+02 nan 7.935729847494553679e-01
1.100000000000000000e+01 2.000000000000000111e-01 5.000000000000000000e+01 3.360000000000000000e+02 3.010000000000000000e+02 1.643247474542491871e-02 5.446623093681917521e-03
